【:		0		1		-1		38.135132		38.135132
“:		1		1		0		38.135132		76.270264
十:		2		1		1		38.135132		114.405396
十二:		2		2		1		14.074396		90.344658
二:		3		1		2		38.135132		152.540527
二五:		3		2		2		19.114525		133.519928
五:		4		1		3		38.135132		128.479797
“:		5		1		6		38.135132		166.614929
规:		6		1		7		38.135132		204.750061
规划:		6		2		7		12.389815		179.004745
划:		7		1		8		38.135132		242.885193
：:		8		1		9		38.135132		217.139877
助:		9		1		11		38.135132		255.275009
中:		10		1		12		38.135132		293.410156
中国:		10		2		12		8.696191		263.971191
中国汽车:		10		4		12		16.229748		271.504761
国:		11		1		13		38.135132		331.545288
汽:		12		1		14		38.135132		302.106323
汽车:		12		2		14		11.373448		275.344635
汽车业:		12		3		14		17.881058		281.852234
车:		13		1		17		38.135132		340.241455
业:		14		1		15		38.135132		309.639893
由:		15		1		19		38.135132		319.987366
大:		16		1		22		38.135132		358.122498
大到:		16		2		22		17.288326		337.275696
到:		17		1		23		38.135132		396.257629
强:		18		1		24		38.135132		375.410828
】:		19		1		26		38.135132		413.545959
:		20		1		27		38.135132		451.681091

:		21		1		28		38.135132		489.816223
　:		22		1		29		38.135132		527.951355
　:		23		1		30		38.135132		566.086487
目:		24		1		31		38.135132		604.221619
目前:		24		2		31		10.491412		576.577881
前:		25		1		32		38.135132		642.356750
，:		26		1		33		38.135132		614.713013
中:		27		1		35		38.135132		652.848145
中国:		27		2		35		8.696191		623.409180
国:		28		1		36		38.135132		690.983276
虽:		29		1		37		38.135132		661.544312
虽然:		29		2		37		10.724914		634.134094
然:		30		1		39		38.135132		699.679443
已:		31		1		40		38.135132		672.269226
已经:		31		2		40		9.548285		643.682373
已经成为:		31		4		40		14.954662		649.088745
经:		32		1		42		38.135132		710.404358
成:		33		1		43		38.135132		681.817505
成为:		33		2		43		10.606175		654.288574
成为世界:		33		4		43		17.121632		660.804016
为:		34		1		46		38.135132		719.952637
世:		35		1		44		38.135132		687.223877
世界:		35		2		44		10.308317		659.397034
界:		36		1		50		38.135132		725.359009
汽:		37		1		51		38.135132		697.532166
汽车:		37		2		51		11.373448		670.770508
车:		38		1		53		38.135132		735.667297
大:		39		1		54		38.135132		708.905640
大国:		39		2		54		15.689738		686.460266
国:		40		1		56		38.135132		747.040771
，:		41		1		57		38.135132		724.595398
但:		42		1		59		38.135132		762.730530
但还:		42		2		59		17.347538		741.942932
还:		43		1		60		38.135132		800.865662
还不:		43		2		60		13.690926		776.421448
不:		44		1		61		38.135132		780.078064
不是:		44		2		61		10.348491		752.291443
是:		45		1		63		38.135132		814.556580
汽:		46		1		65		38.135132		790.426575
汽车:		46		2		65		11.373448		763.664917
车:		47		1		67		38.135132		828.561707
强:		48		1		68		38.135132		801.800049
强国:		48		2		68		16.680475		780.345398
国:		49		1		70		38.135132		839.935181
。:		50		1		71		38.135132		818.480530
要:		51		1		73		38.135132		856.615662
成:		52		1		74		38.135132		894.750793
成为:		52		2		74		10.606175		867.221863
为:		53		1		75		38.135132		932.885925
汽:		54		1		76		38.135132		905.356995
汽车:		54		2		76		11.373448		878.595337
车:		55		1		78		38.135132		943.492126
强:		56		1		79		38.135132		916.730469
强国:		56		2		79		16.680475		895.275818
国:		57		1		81		38.135132		954.865601
，:		58		1		82		38.135132		933.410950
必:		59		1		84		38.135132		971.546082
必须:		59		2		84		11.077580		944.488525
须:		60		1		85		38.135132		1009.681213
制:		61		1		86		38.135132		982.623657
制定:		61		2		86		12.840987		957.329529
定:		62		1		88		38.135132		1020.758789
明:		63		1		89		38.135132		995.464661
明确:		63		2		89		12.697460		970.026978
确:		64		1		91		38.135132		1033.599854
的:		65		1		92		38.135132		1008.162109
发:		66		1		94		38.135132		1046.297241
发展:		66		2		94		9.766432		1017.928528
发展战略:		66		4		94		15.887586		1024.049683
展:		67		1		95		38.135132		1084.432373
战:		68		1		96		38.135132		1056.063721
战略:		68		2		96		12.506902		1030.435425
略:		69		1		99		38.135132		1094.198853
。:		70		1		97		38.135132		1062.184814
这:		71		1		102		38.135132		1100.319946
这个:		71		2		102		9.445181		1071.630005
个:		72		1		103		38.135132		1138.455078
发:		73		1		104		38.135132		1109.765137
发展:		73		2		104		9.766432		1081.396484
发展战略:		73		4		104		15.887586		1087.517578
展:		74		1		106		38.135132		1147.900269
战:		75		1		107		38.135132		1119.531616
战略:		75		2		107		12.506902		1093.903442
略:		76		1		110		38.135132		1157.666748
不:		77		1		108		38.135132		1125.652710
不能:		77		2		108		10.260828		1097.778442
能:		78		1		113		38.135132		1163.787842
只:		79		1		114		38.135132		1135.913574
只管:		79		2		114		16.811104		1114.589600
管:		80		1		116		38.135132		1174.048706
三:		81		1		117		38.135132		1152.724731
三五:		81		2		117		17.412579		1132.002197
三五年:		81		3		117		19.563211		1134.152832
五:		82		1		119		38.135132		1190.859863
五年:		82		2		119		14.200500		1166.925293
年:		83		1		120		38.135132		1170.137329
，:		84		1		121		38.135132		1172.287964
而:		85		1		125		38.135132		1210.423096
而是:		85		2		125		12.415330		1184.703247
而是要:		85		3		125		22.528845		1194.816772
是:		86		1		126		38.135132		1248.558228
要:		87		1		127		38.135132		1222.838379
管:		88		1		128		38.135132		1232.951904
十:		89		1		131		38.135132		1271.087036
十年:		89		2		131		13.990494		1246.942383
年:		90		1		132		38.135132		1309.222168
、:		91		1		133		38.135132		1285.077515
二:		92		1		135		38.135132		1323.212646
二十:		92		2		135		13.643643		1298.721191
二十年:		92		3		135		15.585584		1300.663086
十:		93		1		136		38.135132		1361.347778
十年:		93		2		136		13.990494		1337.203125
年:		94		1		137		38.135132		1336.856323
，:		95		1		138		38.135132		1338.798218
甚:		96		1		142		38.135132		1376.933350
甚至:		96		2		142		11.612372		1350.410645
至:		97		1		143		38.135132		1415.068481
更:		98		1		144		38.135132		1388.545776
更长:		98		2		144		17.205027		1367.615723
长:		99		1		146		38.135132		1426.680908
长时间:		99		3		146		13.923071		1402.468872
时:		100		1		147		38.135132		1405.750854
时间:		100		2		147		8.618660		1376.234375
间:		101		1		150		38.135132		1443.885986
。:		102		1		151		38.135132		1414.369507
汽:		103		1		153		38.135132		1452.504639
汽车:		103		2		153		11.373448		1425.742920
车:		104		1		154		38.135132		1490.639771
界:		105		1		155		38.135132		1463.878052
希:		106		1		157		38.135132		1502.013184
希望:		106		2		157		10.862642		1474.740723
望:		107		1		158		38.135132		1540.148315
国:		108		1		159		38.135132		1512.875854
国家:		108		2		159		10.191548		1484.932251
家:		109		1		161		38.135132		1551.010986
尽:		110		1		162		38.135132		1523.067383
尽快:		110		2		162		13.551216		1498.483521
快:		111		1		164		38.135132		1561.202515
制:		112		1		165		38.135132		1536.618652
制定:		112		2		165		12.840987		1511.324463
定:		113		1		167		38.135132		1574.753784
出:		114		1		168		38.135132		1549.459595
出具:		114		2		168		15.602109		1526.926514
具:		115		1		170		38.135132		1587.594727
具体:		115		2		170		11.914132		1561.373779
体:		116		1		171		38.135132		1565.061646
发:		117		1		173		38.135132		1599.508911
发展:		117		2		173		9.766432		1571.140259
发展战略:		117		4		173		15.887586		1577.261353
展:		118		1		175		38.135132		1637.644043
战:		119		1		176		38.135132		1609.275391
战略:		119		2		176		12.506902		1583.647217
略:		120		1		179		38.135132		1647.410522
，:		121		1		177		38.135132		1615.396484
然:		122		1		182		38.135132		1653.531616
然后:		122		2		182		11.046286		1626.442749
后:		123		1		183		38.135132		1691.666748
在:		124		1		184		38.135132		1664.577881
在此:		124		2		184		13.285027		1639.727783
在此基础上:		124		5		184		17.109467		1643.552246
此:		125		1		186		38.135132		1702.713013
基:		126		1		187		38.135132		1677.862915
基础:		126		2		187		11.795649		1651.523438
基础上:		126		3		187		13.442441		1653.170166
础:		127		1		190		38.135132		1715.998047
上:		128		1		191		38.135132		1689.658569
出:		129		1		188		38.135132		1681.687378
出台:		129		2		188		13.864319		1657.416504
台:		130		1		195		38.135132		1719.822510
相:		131		1		196		38.135132		1695.551636
相关:		131		2		196		9.913542		1667.330078
关:		132		1		198		38.135132		1733.686768
产:		133		1		199		38.135132		1705.465210
产业:		133		2		199		12.014814		1679.344849
产业政策:		133		4		199		17.499205		1684.829224
业:		134		1		201		38.135132		1743.600342
政:		135		1		202		38.135132		1717.479980
政策:		135		2		202		11.815259		1691.160156
策:		136		1		205		38.135132		1755.615112
，:		137		1		203		38.135132		1722.964355
由:		138		1		208		38.135132		1761.099487
政:		139		1		209		38.135132		1799.234619
政策:		139		2		209		11.815259		1772.914795
策:		140		1		210		38.135132		1837.369751
支:		141		1		211		38.135132		1811.049927
支持:		141		2		211		10.165175		1783.079956
持:		142		1		213		38.135132		1849.185059
战:		143		1		214		38.135132		1821.215088
战略:		143		2		214		12.506902		1795.586914
略:		144		1		216		38.135132		1859.350220
。:		145		1		217		38.135132		1833.722046
:		146		1		219		38.135132		1871.857178

:		147		1		220		38.135132		1909.992310
　:		148		1		221		38.135132		1948.127441
　:		149		1		222		38.135132		1986.262573
汽:		150		1		223		38.135132		2024.397705
汽车:		150		2		223		11.373448		1997.635986
汽车业:		150		3		223		17.881058		2004.143677
车:		151		1		224		38.135132		2062.532715
业:		152		1		225		38.135132		2035.771118
有:		153		1		226		38.135132		2042.278809
大:		154		1		229		38.135132		2080.414062
大到:		154		2		229		17.288326		2059.567139
到:		155		1		230		38.135132		2118.549316
强:		156		1		231		38.135132		2097.702148
，:		157		1		233		38.135132		2135.837402
首:		158		1		234		38.135132		2173.972656
首先:		158		2		234		12.307107		2148.144531
先:		159		1		235		38.135132		2212.107910
要:		160		1		236		38.135132		2186.279785
明:		161		1		238		38.135132		2224.415039
明确:		161		2		238		12.697460		2198.977295
确:		162		1		239		38.135132		2262.550293
战:		163		1		240		38.135132		2237.112305
战略:		163		2		240		12.506902		2211.484131
战略规划:		163		4		240		18.280018		2217.257324
略:		164		1		242		38.135132		2275.247559
规:		165		1		243		38.135132		2249.619141
规划:		165		2		243		12.389815		2223.874023
划:		166		1		246		38.135132		2287.754395
，:		167		1		244		38.135132		2255.392578
制:		168		1		249		38.135132		2293.527832
制定:		168		2		249		12.840987		2268.233643
定:		169		1		250		38.135132		2331.663086
明:		170		1		251		38.135132		2306.368652
明确:		170		2		251		12.697460		2280.931152
确:		171		1		253		38.135132		2344.503906
的:		172		1		254		38.135132		2319.066406
战:		173		1		256		38.135132		2357.201660
战略:		173		2		256		12.506902		2331.573242
战略目标:		173		4		256		17.589327		2336.655762
略:		174		1		257		38.135132		2395.336914
目:		175		1		258		38.135132		2369.708496
目标:		175		2		258		11.560039		2343.133301
标:		176		1		261		38.135132		2407.843750
。:		177		1		259		38.135132		2374.791016
如:		178		1		264		38.135132		2412.926270
如下:		178		2		264		12.467198		2387.258301
下:		179		1		265		38.135132		2451.061523
下一:		179		2		265		14.481962		2427.408203
下一个:		179		3		265		14.626226		2427.552490
一:		180		1		266		38.135132		2425.393555
一个:		180		2		266		8.526978		2395.785400
个:		181		1		270		38.135132		2463.528809
五:		182		1		271		38.135132		2433.920410
五年:		182		2		271		14.200500		2409.985840
年:		183		1		273		38.135132		2472.055664
发:		184		1		274		38.135132		2448.121094
发展:		184		2		274		9.766432		2419.752197
发展规划:		184		4		274		16.280766		2426.266602
展:		185		1		276		38.135132		2486.256348
规:		186		1		277		38.135132		2457.887207
规划:		186		2		277		12.389815		2432.142090
划:		187		1		280		38.135132		2496.022461
，:		188		1		278		38.135132		2464.401855
中:		189		1		283		38.135132		2502.537109
中国:		189		2		283		8.696191		2473.098145
国:		190		1		284		38.135132		2540.672363
要:		191		1		285		38.135132		2511.233398
要向:		191		2		285		16.192989		2489.291016
向:		192		1		287		38.135132		2549.368652
成:		193		1		288		38.135132		2527.426270
成为:		193		2		288		10.606175		2499.897217
成为世界:		193		4		288		17.121632		2506.412598
为:		194		1		290		38.135132		2565.561523
世:		195		1		291		38.135132		2538.032227
世界:		195		2		291		10.308317		2510.205566
界:		196		1		294		38.135132		2576.167480
汽:		197		1		292		38.135132		2544.547852
汽车:		197		2		292		11.373448		2517.786133
车:		198		1		297		38.135132		2582.683105
强:		199		1		298		38.135132		2555.921387
强国:		199		2		298		16.680475		2534.466553
国:		200		1		300		38.135132		2594.056641
努:		201		1		301		38.135132		2572.601562
努力:		201		2		301		11.707370		2546.173828
力:		202		1		303		38.135132		2610.736816
，:		203		1		304		38.135132		2584.309082
那:		204		1		306		38.135132		2622.444336
那么:		204		2		306		10.836864		2595.145996
么:		205		1		307		38.135132		2660.579590
怎:		206		1		308		38.135132		2633.281250
怎样:		206		2		308		12.309377		2607.455322
样:		207		1		310		38.135132		2671.416504
算:		208		1		311		38.135132		2645.590332
算是:		208		2		311		13.667937		2621.123291
是:		209		1		313		38.135132		2683.725586
汽:		210		1		314		38.135132		2659.258301
汽车:		210		2		314		11.373448		2632.496826
车:		211		1		316		38.135132		2697.393555
强:		212		1		317		38.135132		2670.631836
强国:		212		2		317		16.680475		2649.177246
国:		213		1		319		38.135132		2708.767090
，:		214		1		320		38.135132		2687.312500
成:		215		1		322		38.135132		2725.447754
成为:		215		2		322		10.606175		2697.918701
为:		216		1		323		38.135132		2763.583008
汽:		217		1		324		38.135132		2736.053711
汽车:		217		2		324		11.373448		2709.292236
车:		218		1		326		38.135132		2774.188965
强:		219		1		327		38.135132		2747.427246
强国:		219		2		327		16.680475		2725.972656
国:		220		1		329		38.135132		2785.562500
要:		221		1		330		38.135132		2764.107910
具:		222		1		332		38.135132		2802.243164
具备:		222		2		332		13.382817		2777.490723
备:		223		1		333		38.135132		2840.378418
什:		224		1		334		38.135132		2815.625977
什么:		224		2		334		10.040577		2787.531250
什么样:		224		3		334		13.547798		2791.038574
么:		225		1		336		38.135132		2853.761230
样:		226		1		337		38.135132		2825.666504
的:		227		1		338		38.135132		2829.173828
条:		228		1		341		38.135132		2867.309082
条件:		228		2		341		11.798542		2840.972412
件:		229		1		342		38.135132		2905.444336
。:		230		1		343		38.135132		2879.107422
要:		231		1		345		38.135132		2917.242676
成:		232		1		346		38.135132		2955.377930
成为:		232		2		346		10.606175		2927.848877
为:		233		1		347		38.135132		2993.513184
汽:		234		1		348		38.135132		2965.983887
汽车:		234		2		348		11.373448		2939.222412
车:		235		1		350		38.135132		3004.119141
强:		236		1		351		38.135132		2977.357422
强国:		236		2		351		16.680475		2955.902832
国:		237		1		353		38.135132		3015.492676
，:		238		1		354		38.135132		2994.038086
我:		239		1		356		38.135132		3032.173340
我们:		239		2		356		8.614799		3002.652832
们:		240		1		357		38.135132		3070.308594
的:		241		1		358		38.135132		3040.788086
着:		242		1		360		38.135132		3078.923340
着力:		242		2		360		15.833965		3056.622070
力:		243		1		361		38.135132		3117.058594
力点:		243		2		361		18.713593		3097.636963
点:		244		1		362		38.135132		3094.757324
应:		245		1		365		38.135132		3132.892578
应该:		245		2		365		10.874715		3105.632080
该:		246		1		366		38.135132		3171.027832
放:		247		1		367		38.135132		3143.767090
放在:		247		2		367		12.636302		3118.268311
在:		248		1		369		38.135132		3181.902344
哪:		249		1		370		38.135132		3156.403320
哪里:		249		2		370		13.240298		3131.508545
里:		250		1		372		38.135132		3194.538574
，:		251		1		373		38.135132		3169.643555
这:		252		1		375		38.135132		3207.778809
这些:		252		2		375		10.400545		3180.044189
些:		253		1		376		38.135132		3245.914062
都:		254		1		377		38.135132		3218.179199
都要:		254		2		377		13.103823		3193.147949
要:		255		1		379		38.135132		3256.314453
要说:		255		2		379		14.772539		3232.951660
说:		256		1		380		38.135132		3231.283203
清:		257		1		383		38.135132		3269.418457
清楚:		257		2		383		12.940315		3244.223633
楚:		258		1		384		38.135132		3307.553711
，:		259		1		385		38.135132		3282.358887
然:		260		1		387		38.135132		3320.494141
然后:		260		2		387		11.046286		3293.405273
后:		261		1		388		38.135132		3358.629395
奔:		262		1		389		38.135132		3331.540527
着:		263		1		391		38.135132		3369.675781
这:		264		1		392		38.135132		3407.811035
这个:		264		2		392		9.445181		3379.120850
个:		265		1		393		38.135132		3445.946289
目:		266		1		394		38.135132		3417.255859
目标:		266		2		394		11.560039		3390.680908
标:		267		1		396		38.135132		3455.391113
来:		268		1		397		38.135132		3428.815918
来做:		268		2		397		15.554203		3406.235107
做:		269		1		399		38.135132		3466.951172
，:		270		1		400		38.135132		3444.370117
这:		271		1		402		38.135132		3482.505371
这样:		271		2		402		10.567831		3454.937988
样:		272		1		403		38.135132		3520.640625
规:		273		1		404		38.135132		3493.073242
规划:		273		2		404		12.389815		3467.327881
划:		274		1		406		38.135132		3531.208496
才:		275		1		407		38.135132		3505.462891
才有:		275		2		407		14.558590		3481.886475
有:		276		1		409		38.135132		3543.598145
有意:		276		2		409		13.589284		3519.052246
有意义:		276		3		409		15.857119		3521.320068
意:		277		1		410		38.135132		3520.021484
意义:		277		2		410		12.523319		3494.409912
义:		278		1		412		38.135132		3557.187500
。:		279		1		415		38.135132		3532.544922
:		280		1		417		38.135132		3570.680176

:		281		1		418		38.135132		3608.815430
　:		282		1		419		38.135132		3646.950684
　:		283		1		420		38.135132		3685.085938
在:		284		1		421		38.135132		3723.221191
发:		285		1		422		38.135132		3761.356445
发动:		285		2		422		14.383883		3737.604980
发动机:		285		3		422		14.240857		3737.462158
动:		286		1		423		38.135132		3799.491699
动机:		286		2		423		15.618822		3776.975342
机:		287		1		424		38.135132		3775.740234
方:		288		1		425		38.135132		3775.597168
方面:		288		2		425		11.074304		3748.536377
面:		289		1		429		38.135132		3813.732422
，:		290		1		430		38.135132		3786.671387
国:		291		1		432		38.135132		3824.806641
国家:		291		2		432		10.191548		3796.863037
家:		292		1		433		38.135132		3862.941895
应:		293		1		434		38.135132		3834.998047
应将:		293		2		434		17.392418		3814.255371
将:		294		1		436		38.135132		3873.133301
发:		295		1		437		38.135132		3852.390625
发动:		295		2		437		14.383883		3828.639160
发动机:		295		3		437		14.240857		3828.496338
动:		296		1		439		38.135132		3890.525879
动机:		296		2		439		15.618822		3868.009521
机:		297		1		440		38.135132		3866.774414
喷:		298		1		441		38.135132		3866.631348
喷射:		298		2		441		17.134325		3845.630615
射:		299		1		445		38.135132		3904.766602
系:		300		1		446		38.135132		3883.765625
系统:		300		2		446		9.717778		3855.348389
统:		301		1		448		38.135132		3921.900879
研:		302		1		449		38.135132		3893.483398
研发:		302		2		449		13.537221		3868.885498
发:		303		1		451		38.135132		3931.618652
技:		304		1		452		38.135132		3907.020508
技术:		304		2		452		9.743057		3878.628662
术:		305		1		454		38.135132		3945.155762
列:		306		1		455		38.135132		3916.763672
列入:		306		2		455		15.073219		3893.701904
入:		307		1		457		38.135132		3954.898926
汽:		308		1		458		38.135132		3931.836914
汽车:		308		2		458		11.373448		3905.075439
汽车产业:		308		4		458		17.898836		3911.600830
车:		309		1		460		38.135132		3969.972168
产:		310		1		461		38.135132		3943.210449
产业:		310		2		461		12.014814		3917.090332
业:		311		1		464		38.135132		3981.345703
“:		312		1		462		38.135132		3949.735840
十:		313		1		467		38.135132		3987.871094
十二:		313		2		467		14.074396		3963.810303
二:		314		1		468		38.135132		4026.006348
二五:		314		2		468		19.114525		4006.985596
五:		315		1		469		38.135132		4001.945312
”:		316		1		472		38.135132		4040.080566
规:		317		1		473		38.135132		4078.215820
规划:		317		2		473		12.389815		4052.470459
划:		318		1		474		38.135132		4116.351074
。:		319		1		475		38.135132		4090.605469
发:		320		1		477		38.135132		4128.740723
发动:		320		2		477		14.383883		4104.989258
发动机:		320		3		477		14.240857		4104.846191
动:		321		1		478		38.135132		4166.875977
动机:		321		2		478		15.618822		4144.359375
机:		322		1		479		38.135132		4143.124512
最:		323		1		480		38.135132		4142.981445
核:		324		1		484		38.135132		4181.116699
核心:		324		2		484		12.885754		4155.867188
心:		325		1		485		38.135132		4219.251953
的:		326		1		486		38.135132		4194.002441
技:		327		1		488		38.135132		4232.137695
技术:		327		2		488		9.743057		4203.745605
术:		328		1		489		38.135132		4270.272949
是:		329		1		490		38.135132		4241.880859
能:		330		1		492		38.135132		4280.016113
能满足:		330		3		492		16.581215		4258.461914
满:		331		1		493		38.135132		4318.151367
满足:		331		2		493		12.586336		4292.602539
足:		332		1		495		38.135132		4356.286621
国:		333		1		494		38.135132		4296.597168
Ⅲ:		334		1		498		38.135132		4334.732422
以:		335		1		499		38.135132		4372.867676
以上:		335		2		499		10.885560		4345.618164
上:		336		1		500		38.135132		4411.002930
排:		337		1		501		38.135132		4383.753418
排放:		337		2		501		15.775693		4361.394043
排放标准:		337		4		501		18.524651		4364.142578
放:		338		1		503		38.135132		4421.888672
标:		339		1		504		38.135132		4399.529297
标准:		339		2		504		11.005573		4372.399414
准:		340		1		507		38.135132		4437.664551
的:		341		1		505		38.135132		4402.277832
喷:		342		1		510		38.135132		4440.413086
喷射:		342		2		510		17.134325		4419.412109
射:		343		1		511		38.135132		4478.548340
系:		344		1		512		38.135132		4457.547363
系统:		344		2		512		9.717778		4429.129883
统:		345		1		514		38.135132		4495.682617
。:		346		1		515		38.135132		4467.265137
这:		347		1		517		38.135132		4505.400391
这项:		347		2		517		14.521128		4481.786133
项:		348		1		518		38.135132		4543.535645
技:		349		1		519		38.135132		4519.921387
技术:		349		2		519		9.743057		4491.529297
术:		350		1		521		38.135132		4558.056641
目:		351		1		522		38.135132		4529.664551
目前:		351		2		522		10.491412		4502.020508
前:		352		1		524		38.135132		4567.799805
被:		353		1		525		38.135132		4540.155762
国:		354		1		527		38.135132		4578.291016
国外:		354		2		527		12.740237		4552.895996
外:		355		1		528		38.135132		4616.426270
零:		356		1		529		38.135132		4591.031250
零部件:		356		3		529		15.758807		4568.654785
部:		357		1		531		38.135132		4629.166504
部件:		357		2		531		15.555717		4606.586914
件:		358		1		533		38.135132		4667.301758
公:		359		1		532		38.135132		4606.790039
公司:		359		2		532		8.879522		4577.534180
司:		360		1		536		38.135132		4644.925293
博:		361		1		537		38.135132		4615.669434
博世:		361		2		537		19.153889		4596.687988
世:		362		1		539		38.135132		4653.804688
、:		363		1		540		38.135132		4634.823242
德:		364		1		542		38.135132		4672.958496
德尔:		364		2		542		17.435833		4652.259277
德尔福:		364		3		542		20.271793		4655.095215
尔:		365		1		543		38.135132		4711.093750
福:		366		1		544		38.135132		4690.394531
、:		367		1		545		38.135132		4693.230469
西:		368		1		548		38.135132		4731.365723
西门:		368		2		548		15.728488		4708.958984
西门子:		368		3		548		15.082319		4708.312988
门:		369		1		549		38.135132		4769.500977
子:		370		1		550		38.135132		4747.094238
等:		371		1		551		38.135132		4746.448242
牢:		372		1		554		38.135132		4784.583496
牢牢:		372		2		554		15.988983		4762.437012
牢:		373		1		555		38.135132		4822.718750
掌:		374		1		556		38.135132		4800.572266
掌控:		374		2		556		16.520361		4778.957520
控:		375		1		558		38.135132		4838.707520
，:		376		1		559		38.135132		4817.092773
国:		377		1		561		38.135132		4855.228027
国内:		377		2		561		11.333591		4828.426270
内:		378		1		562		38.135132		4893.363281
零:		379		1		563		38.135132		4866.561523
零部件:		379		3		563		15.758807		4844.185059
零部件企业:		379		5		563		20.152430		4848.578613
部:		380		1		565		38.135132		4904.696777
部件:		380		2		565		15.555717		4882.117188
件:		381		1		568		38.135132		4942.832031
企:		382		1		566		38.135132		4882.320312
企业:		382		2		566		9.434805		4853.619629
业:		383		1		571		38.135132		4920.455566
还:		384		1		567		38.135132		4886.713867
还没:		384		2		567		12.621042		4861.199707
还没有:		384		3		567		12.304519		4860.883301
没:		385		1		574		38.135132		4924.849121
没有:		385		2		574		8.899766		4895.613770
有:		386		1		575		38.135132		4899.334961
与:		387		1		576		38.135132		4899.018555
与之:		387		2		576		15.468986		4876.352051
之:		388		1		580		38.135132		4937.153809
抗:		389		1		581		38.135132		4914.487305
抗衡:		389		2		581		16.739124		4893.091309
衡:		390		1		583		38.135132		4952.622559
的:		391		1		584		38.135132		4931.226562
能:		392		1		586		38.135132		4969.361816
能力:		392		2		586		10.931369		4942.157715
力:		393		1		587		38.135132		5007.497070
。:		394		1		588		38.135132		4980.292969
喷:		395		1		590		38.135132		5018.428223
喷射:		395		2		590		17.134325		4997.427246
射:		396		1		591		38.135132		5056.563477
系:		397		1		592		38.135132		5035.562500
系统:		397		2		592		9.717778		5007.145020
统:		398		1		594		38.135132		5073.697754
的:		399		1		595		38.135132		5045.280273
研:		400		1		597		38.135132		5083.415527
研发:		400		2		597		13.537221		5058.817383
发:		401		1		598		38.135132		5121.550781
涉:		402		1		599		38.135132		5096.952637
涉及:		402		2		599		13.477120		5072.294434
及:		403		1		601		38.135132		5135.087891
燃:		404		1		602		38.135132		5110.429688
燃油:		404		2		602		16.027342		5088.321777
油:		405		1		604		38.135132		5148.564941
和:		406		1		605		38.135132		5126.457031
电:		407		1		607		38.135132		5164.592285
电控:		407		2		607		18.338799		5144.795898
控:		408		1		608		38.135132		5202.727539
技:		409		1		609		38.135132		5182.931152
技术:		409		2		609		9.743057		5154.539062
术:		410		1		611		38.135132		5221.066406
，:		411		1		612		38.135132		5192.674316
单:		412		1		614		38.135132		5230.809570
单个:		412		2		614		16.074800		5208.749023
个:		413		1		615		38.135132		5268.944824
企:		414		1		616		38.135132		5246.884277
企业:		414		2		616		9.434805		5218.183594
业:		415		1		618		38.135132		5285.019531
不:		416		1		619		38.135132		5256.318848
不太:		416		2		619		13.319986		5231.503418
太:		417		1		621		38.135132		5294.454102
可:		418		1		622		38.135132		5269.638672
可能:		418		2		622		10.709275		5242.212891
能:		419		1		624		38.135132		5307.773926
完:		420		1		625		38.135132		5280.348145
完成:		420		2		625		11.348619		5253.561523
成:		421		1		627		38.135132		5318.483398
，:		422		1		628		38.135132		5291.696777
因:		423		1		630		38.135132		5329.832031
因此:		423		2		630		11.187555		5302.884277
此:		424		1		631		38.135132		5367.967285
，:		425		1		632		38.135132		5341.019531
需:		426		1		634		38.135132		5379.154785
需要:		426		2		634		10.322680		5351.342285
要:		427		1		635		38.135132		5417.290039
从:		428		1		636		38.135132		5389.477539
国:		429		1		638		38.135132		5427.612793
国家:		429		2		638		10.191548		5399.668945
家:		430		1		639		38.135132		5465.748047
层:		431		1		640		38.135132		5437.804199
层面:		431		2		640		15.197469		5414.866211
面:		432		1		642		38.135132		5475.939453
整:		433		1		643		38.135132		5453.001465
整合:		433		2		643		13.745335		5428.611328
整合资源:		433		4		643		19.179810		5434.045898
合:		434		1		645		38.135132		5491.136719
合资:		434		2		645		14.543374		5467.544922
资:		435		1		646		38.135132		5466.746582
资源:		435		2		646		10.731089		5439.342285
源:		436		1		650		38.135132		5504.881836
。:		437		1		647		38.135132		5472.181152
选:		438		1		653		38.135132		5510.316406
选择:		438		2		653		10.548018		5482.729004
择:		439		1		654		38.135132		5548.451660
一:		440		1		655		38.135132		5520.864258
一批:		440		2		655		13.732738		5496.461914
批:		441		1		657		38.135132		5558.999512
生:		442		1		658		38.135132		5534.597168
生产:		442		2		658		10.513005		5506.975098
产:		443		1		660		38.135132		5572.732422
关:		444		1		661		38.135132		5545.110352
关键:		444		2		661		12.650508		5519.625488
键:		445		1		663		38.135132		5583.245605
零:		446		1		664		38.135132		5557.760742
零部件:		446		3		664		15.758807		5535.384277
部:		447		1		666		38.135132		5595.895996
部件:		447		2		666		15.555717		5573.316406
件:		448		1		668		38.135132		5634.031250
的:		449		1		667		38.135132		5573.519531
、:		450		1		671		38.135132		5611.654785
能:		451		1		672		38.135132		5649.790039
能够:		451		2		672		11.265314		5622.919922
够:		452		1		673		38.135132		5687.925293
代:		453		1		674		38.135132		5661.055176
代表:		453		2		674		11.648583		5634.568359
表:		454		1		676		38.135132		5699.190430
民:		455		1		677		38.135132		5672.703613
民族:		455		2		677		12.702596		5647.270996
族:		456		1		679		38.135132		5710.838867
工:		457		1		680		38.135132		5685.406250
工业:		457		2		680		12.024373		5659.295410
工业发展:		457		4		680		17.718039		5664.989258
业:		458		1		682		38.135132		5723.541504
发:		459		1		683		38.135132		5697.430664
发展:		459		2		683		9.766432		5669.062012
展:		460		1		686		38.135132		5735.565918
水:		461		1		684		38.135132		5703.124512
水平:		461		2		684		11.753997		5676.743164
平:		462		1		689		38.135132		5741.259766
的:		463		1		690		38.135132		5714.878418
企:		464		1		692		38.135132		5753.013672
企业:		464		2		692		9.434805		5724.312988
业:		465		1		693		38.135132		5791.148926
，:		466		1		694		38.135132		5762.448242
组:		467		1		696		38.135132		5800.583496
组建:		467		2		696		14.781485		5777.229492
建:		468		1		697		38.135132		5838.718750
一:		469		1		698		38.135132		5815.364746
一支:		469		2		698		13.955229		5791.184570
支:		470		1		700		38.135132		5853.500000
“:		471		1		701		38.135132		5829.319824
国:		472		1		703		38.135132		5867.455078
国家:		472		2		703		10.191548		5839.511230
国家队:		472		3		703		15.207236		5844.526855
家:		473		1		704		38.135132		5905.590332
队:		474		1		705		38.135132		5877.646484
”:		475		1		706		38.135132		5882.662109
，:		476		1		709		38.135132		5920.797363
以:		477		1		710		38.135132		5958.932617
企:		478		1		711		38.135132		5997.067871
企业:		478		2		711		9.434805		5968.367188
业:		479		1		712		38.135132		6035.203125
为:		480		1		713		38.135132		6006.502441
为主:		480		2		713		13.123644		5981.490723
为主体:		480		3		713		16.658361		5985.025391
主:		481		1		715		38.135132		6044.637695
主体:		481		2		715		14.122885		6020.625488
体:		482		1		716		38.135132		6019.625977
，:		483		1		717		38.135132		6023.160645
高:		484		1		721		38.135132		6061.295898
高校:		484		2		721		13.439178		6036.599609
校:		485		1		722		38.135132		6099.431152
支:		486		1		723		38.135132		6074.734863
支持:		486		2		723		10.165175		6046.764648
持:		487		1		725		38.135132		6112.870117
，:		488		1		726		38.135132		6084.899902
进:		489		1		728		38.135132		6123.035156
进行:		489		2		728		9.631206		6094.531250
行:		490		1		729		38.135132		6161.170410
联:		491		1		730		38.135132		6132.666504
联合:		491		2		730		12.811560		6107.342773
合:		492		1		732		38.135132		6170.801758
攻:		493		1		733		38.135132		6145.478027
攻关:		493		2		733		16.745958		6124.088867
关:		494		1		735		38.135132		6183.613281
。:		495		1		736		38.135132		6162.224121
在:		496		1		738		38.135132		6200.359375
在下:		496		2		738		14.791195		6177.015137
下:		497		1		739		38.135132		6238.494629
下一:		497		2		739		14.481962		6214.841309
下一个:		497		3		739		14.626226		6214.985840
一:		498		1		740		38.135132		6215.150391
一个:		498		2		740		8.526978		6185.541992
个:		499		1		742		38.135132		6252.976562
五:		500		1		745		38.135132		6223.677246
五年:		500		2		745		14.200500		6199.742676
年:		501		1		747		38.135132		6261.812500
规:		502		1		748		38.135132		6237.877930
规划:		502		2		748		12.389815		6212.132324
划:		503		1		750		38.135132		6276.013184
中:		504		1		751		38.135132		6250.267578
，:		505		1		753		38.135132		6288.402832
要:		506		1		754		38.135132		6326.538086
要大力:		506		3		754		17.898394		6306.301270
大:		507		1		755		38.135132		6364.673340
大力:		507		2		755		13.664840		6340.203125
大力支持:		507		4		755		16.656387		6343.194336
力:		508		1		757		38.135132		6402.808594
支:		509		1		756		38.135132		6344.436523
支持:		509		2		756		10.165175		6316.466309
持:		510		1		761		38.135132		6382.571777
汽:		511		1		762		38.135132		6354.601562
汽车:		511		2		762		11.373448		6327.839844
汽车零部件:		511		5		762		17.647968		6334.114258
车:		512		1		764		38.135132		6392.736816
零:		513		1		765		38.135132		6365.975098
零部件:		513		3		765		15.758807		6343.598633
部:		514		1		768		38.135132		6404.110352
部件:		514		2		768		15.555717		6381.530762
件:		515		1		770		38.135132		6442.245605
的:		516		1		766		38.135132		6372.249512
再:		517		1		773		38.135132		6410.384766
制:		518		1		774		38.135132		6448.520020
制造:		518		2		774		12.213441		6422.598145
造:		519		1		775		38.135132		6486.655273
，:		520		1		776		38.135132		6460.733398
为:		521		1		778		38.135132		6498.868652
再:		522		1		779		38.135132		6537.003906
制:		523		1		780		38.135132		6575.139160
制造:		523		2		780		12.213441		6549.217285
造:		524		1		781		38.135132		6613.274414
清:		525		1		782		38.135132		6587.352539
清除:		525		2		782		12.702533		6561.919922
除:		526		1		784		38.135132		6625.487793
除法:		526		2		784		18.915483		6606.268066
法:		527		1		785		38.135132		6600.055176
法规:		527		2		785		12.689132		6574.608887
规:		528		1		788		38.135132		6638.190430
上:		529		1		789		38.135132		6612.744141
的:		530		1		791		38.135132		6650.879395
障:		531		1		792		38.135132		6689.014648
障碍:		531		2		792		14.152784		6665.032227
碍:		532		1		793		38.135132		6727.149902
。:		533		1		794		38.135132		6703.167480
:		534		1		796		38.135132		6741.302734

:		535		1		797		38.135132		6779.437988
　:		536		1		798		38.135132		6817.573242
　:		537		1		799		38.135132		6855.708496
在:		538		1		800		38.135132		6893.843750
在下:		538		2		800		14.791195		6870.499512
下:		539		1		801		38.135132		6931.979004
下一:		539		2		801		14.481962		6908.325684
下一个:		539		3		801		14.626226		6908.470215
一:		540		1		802		38.135132		6908.634766
一个:		540		2		802		8.526978		6879.026367
个:		541		1		804		38.135132		6946.460938
五:		542		1		807		38.135132		6917.161621
五年:		542		2		807		14.200500		6893.227051
年:		543		1		809		38.135132		6955.296875
，:		544		1		810		38.135132		6931.362305
国:		545		1		812		38.135132		6969.497559
国家:		545		2		812		10.191548		6941.553711
家:		546		1		813		38.135132		7007.632812
更:		547		1		814		38.135132		6979.688965
更应:		547		2		814		18.223623		6959.777344
更应该:		547		3		814		17.352245		6958.905762
应:		548		1		816		38.135132		7017.824219
应该:		548		2		816		10.874715		6990.563477
该:		549		1		817		38.135132		6997.912598
在:		550		1		818		38.135132		6997.041016
新:		551		1		822		38.135132		7035.176270
新能源:		551		3		822		17.257870		7014.298828
能:		552		1		823		38.135132		7073.311523
能源:		552		2		823		13.822720		7048.999023
源:		553		1		825		38.135132		7111.446777
汽:		554		1		824		38.135132		7052.434082
汽车:		554		2		824		11.373448		7025.672363
汽车产业:		554		4		824		17.898836		7032.197754
车:		555		1		828		38.135132		7090.569336
产:		556		1		829		38.135132		7063.807617
产业:		556		2		829		12.014814		7037.687012
产业化:		556		3		829		15.318489		7040.990723
业:		557		1		832		38.135132		7101.942871
化:		558		1		830		38.135132		7070.333008
上:		559		1		834		38.135132		7079.125977
上下:		559		2		834		13.744012		7054.734863
下:		560		1		837		38.135132		7117.261230
下大力气:		560		4		837		19.673462		7098.799316
大:		561		1		838		38.135132		7092.870117
大力:		561		2		838		13.664840		7068.399902
力:		562		1		841		38.135132		7131.005371
力气:		562		2		841		14.916333		7107.786621
气:		563		1		842		38.135132		7106.535156
，:		564		1		840		38.135132		7136.934570
推:		565		1		846		38.135132		7175.069824
推动:		565		2		846		13.371573		7150.306152
动:		566		1		847		38.135132		7213.205078
这:		567		1		848		38.135132		7188.441406
这一:		567		2		848		11.995034		7162.301270
一:		568		1		850		38.135132		7226.576660
新:		569		1		851		38.135132		7200.436523
新兴:		569		2		851		15.246963		7177.548340
兴:		570		1		853		38.135132		7238.571777
战:		571		1		854		38.135132		7215.683594
战略:		571		2		854		12.506902		7190.055176
战略性:		571		3		854		17.002611		7194.550781
略:		572		1		856		38.135132		7253.818848
性:		573		1		857		38.135132		7228.190430
产:		574		1		858		38.135132		7232.686035
产业:		574		2		858		12.014814		7206.565430
业:		575		1		861		38.135132		7270.821289
的:		576		1		862		38.135132		7244.700684
发:		577		1		864		38.135132		7282.835938
发展:		577		2		864		9.766432		7254.467285
展:		578		1		865		38.135132		7320.971191
。:		579		1		866		38.135132		7292.602539
第:		580		1		868		38.135132		7330.737793
第一:		580		2		868		11.628618		7304.230957
一:		581		1		869		38.135132		7368.873047
要:		582		1		870		38.135132		7342.366211
要在:		582		2		870		14.103465		7318.334473
在:		583		1		872		38.135132		7380.501465
‘:		584		1		873		38.135132		7356.469727
十:		585		1		875		38.135132		7394.604980
十二:		585		2		875		14.074396		7370.543945
二:		586		1		876		38.135132		7432.740234
二五:		586		2		876		19.114525		7413.719727
五:		587		1		877		38.135132		7408.679199
’:		588		1		880		38.135132		7446.814453
期:		589		1		881		38.135132		7484.949707
期间:		589		2		881		12.422648		7459.237305
间:		590		1		882		38.135132		7523.084961
建:		591		1		883		38.135132		7497.372559
建成:		591		2		883		14.222687		7473.459961
成:		592		1		885		38.135132		7535.507812
国:		593		1		886		38.135132		7511.595215
国家:		593		2		886		10.191548		7483.651367
国家级:		593		3		886		15.327287		7488.787109
家:		594		1		888		38.135132		7549.730469
级:		595		1		889		38.135132		7521.786621
的:		596		1		890		38.135132		7526.922363
新:		597		1		893		38.135132		7565.057617
新能源:		597		3		893		17.257870		7544.180176
能:		598		1		894		38.135132		7603.192871
能源:		598		2		894		13.822720		7578.880371
源:		599		1		896		38.135132		7641.328125
汽:		600		1		895		38.135132		7582.315430
汽车:		600		2		895		11.373448		7555.553711
车:		601		1		899		38.135132		7620.450684
试:		602		1		900		38.135132		7593.688965
试验:		602		2		900		13.851574		7569.405273
验:		603		1		902		38.135132		7631.824219
中:		604		1		903		38.135132		7607.540527
中心:		604		2		903		10.304544		7579.709961
心:		605		1		905		38.135132		7645.675781
。:		606		1		906		38.135132		7617.845215
这:		607		1		908		38.135132		7655.980469
这种:		607		2		908		10.715576		7628.560547
种:		608		1		909		38.135132		7694.115723
试:		609		1		910		38.135132		7666.695801
试验:		609		2		910		13.851574		7642.412109
验:		610		1		912		38.135132		7704.831055
中:		611		1		913		38.135132		7680.547363
中心:		611		2		913		10.304544		7652.716797
心:		612		1		915		38.135132		7718.682617
一:		613		1		916		38.135132		7690.852051
一般:		613		2		916		10.986551		7663.703125
般:		614		1		918		38.135132		7728.987305
投:		615		1		919		38.135132		7701.838379
投资:		615		2		919		10.980704		7674.683594
投资规模:		615		4		919		18.211376		7681.914551
资:		616		1		921		38.135132		7739.973633
规:		617		1		922		38.135132		7712.818848
规模:		617		2		922		12.737227		7687.420898
模:		618		1		925		38.135132		7750.954102
很:		619		1		923		38.135132		7720.049805
很大:		619		2		923		12.453456		7694.368164
大:		620		1		928		38.135132		7758.185059
，:		621		1		929		38.135132		7732.503418
投:		622		1		931		38.135132		7770.638672
投资:		622		2		931		10.980704		7743.483887
投资回报:		622		4		931		18.403759		7750.907227
资:		623		1		932		38.135132		7808.773926
回:		624		1		933		38.135132		7781.619141
回报:		624		2		933		14.386334		7757.870117
报:		625		1		936		38.135132		7819.754395
周:		626		1		934		38.135132		7789.042480
周期:		626		2		934		14.627848		7765.535156
周期长:		626		3		934		19.506809		7770.414062
期:		627		1		939		38.135132		7827.177734
长:		628		1		940		38.135132		7803.670410
，:		629		1		941		38.135132		7808.549316
企:		630		1		944		38.135132		7846.684570
企业:		630		2		944		9.434805		7817.983887
业:		631		1		945		38.135132		7884.819824
的:		632		1		946		38.135132		7856.119141
积:		633		1		948		38.135132		7894.254395
积极:		633		2		948		12.159780		7868.278809
积极性:		633		3		948		15.217977		7871.336914
极:		634		1		949		38.135132		7932.389648
性:		635		1		950		38.135132		7906.414062
不:		636		1		951		38.135132		7909.472168
不高:		636		2		951		14.670797		7886.007812
高:		637		1		954		38.135132		7947.607422
。:		638		1		955		38.135132		7924.143066
同:		639		1		957		38.135132		7962.278320
同时:		639		2		957		10.394643		7934.537598
时:		640		1		958		38.135132		8000.413574
，:		641		1		959		38.135132		7972.672852
这:		642		1		961		38.135132		8010.808105
这又:		642		2		961		17.403559		7990.076172
这又是:		642		3		961		17.447023		7990.120117
又:		643		1		962		38.135132		8048.943359
又是:		643		2		962		13.051454		8023.859375
是:		644		1		963		38.135132		8028.211426
新:		645		1		964		38.135132		8028.255371
新能源:		645		3		964		17.257870		8007.377930
能:		646		1		968		38.135132		8066.390625
能源:		646		2		968		13.822720		8042.078125
源:		647		1		970		38.135132		8104.525879
汽:		648		1		969		38.135132		8045.513184
汽车:		648		2		969		11.373448		8018.751465
汽车产业:		648		4		969		17.898836		8025.276855
车:		649		1		973		38.135132		8083.648438
产:		650		1		974		38.135132		8056.886719
产业:		650		2		974		12.014814		8030.766113
产业化:		650		3		974		15.318489		8034.069824
业:		651		1		977		38.135132		8095.021973
化:		652		1		975		38.135132		8063.412109
所:		653		1		979		38.135132		8072.205078
必:		654		1		982		38.135132		8110.340332
必须:		654		2		982		11.077580		8083.282715
须:		655		1		983		38.135132		8148.475586
的:		656		1		984		38.135132		8121.417969
；:		657		1		986		38.135132		8159.553223
其:		658		1		987		38.135132		8197.688477
其次:		658		2		987		14.214555		8173.767578
次:		659		1		988		38.135132		8235.823242
是:		660		1		989		38.135132		8211.902344
对:		661		1		991		38.135132		8250.037109
购:		662		1		992		38.135132		8288.171875
购买:		662		2		992		11.875977		8261.913086
买:		663		1		993		38.135132		8326.306641
新:		664		1		994		38.135132		8300.047852
新能源:		664		3		994		17.257870		8279.170898
能:		665		1		996		38.135132		8338.182617
能源:		665		2		996		13.822720		8313.870117
源:		666		1		998		38.135132		8376.317383
汽:		667		1		997		38.135132		8317.305664
汽车:		667		2		997		11.373448		8290.543945
车:		668		1		1001		38.135132		8355.440430
给:		669		1		1002		38.135132		8328.678711
给予:		669		2		1002		13.118984		8303.663086
予:		670		1		1004		38.135132		8366.813477
大:		671		1		1005		38.135132		8341.797852
大力:		671		2		1005		13.664840		8317.328125
力:		672		1		1007		38.135132		8379.932617
力度:		672		2		1007		13.782943		8355.581055
度:		673		1		1008		38.135132		8355.462891
补:		674		1		1011		38.135132		8393.597656
补贴:		674		2		1011		15.131987		8370.594727
贴:		675		1		1012		38.135132		8431.732422
。:		676		1		1013		38.135132		8408.729492
以:		677		1		1015		38.135132		8446.864258
以前:		677		2		1015		11.984699		8420.713867
前:		678		1		1016		38.135132		8484.999023
我:		679		1		1017		38.135132		8458.848633
我们:		679		2		1017		8.614799		8429.329102
们:		680		1		1019		38.135132		8496.983398
可:		681		1		1020		38.135132		8467.463867
可能:		681		2		1020		10.709275		8440.038086
能:		682		1		1022		38.135132		8505.598633
能有:		682		2		1022		14.674955		8482.138672
有:		683		1		1023		38.135132		8478.172852
有一:		683		2		1023		11.988560		8452.026367
有一些:		683		3		1023		13.899322		8453.937500
一:		684		1		1026		38.135132		8516.307617
一些:		684		2		1026		10.435972		8488.608398
些:		685		1		1027		38.135132		8490.161133
顾:		686		1		1028		38.135132		8492.072266
顾虑:		686		2		1028		16.366341		8470.303711
虑:		687		1		1032		38.135132		8530.207031
，:		688		1		1033		38.135132		8508.438477
认:		689		1		1035		38.135132		8546.573242
认为:		689		2		1035		11.014353		8519.453125
为:		690		1		1036		38.135132		8584.708008
为把:		690		2		1036		19.175169		8565.748047
把:		691		1		1037		38.135132		8557.587891
公:		692		1		1040		38.135132		8595.722656
公共:		692		2		1040		13.265224		8570.853516
公共财政:		692		4		1040		18.815964		8576.404297
共:		693		1		1041		38.135132		8633.857422
财:		694		1		1042		38.135132		8608.988281
财政:		694		2		1042		13.559939		8584.413086
财政补贴:		694		4		1042		19.581020		8590.434570
政:		695		1		1045		38.135132		8647.123047
补:		696		1		1043		38.135132		8614.539062
补贴:		696		2		1043		15.131987		8591.536133
贴:		697		1		1049		38.135132		8652.673828
一:		698		1		1047		38.135132		8628.569336
一部:		698		2		1047		13.524695		8603.958984
一部分:		698		3		1047		13.439379		8603.874023
部:		699		1		1052		38.135132		8666.704102
部分:		699		2		1052		11.272408		8639.841797
分:		700		1		1053		38.135132		8642.093750
买:		701		1		1054		38.135132		8642.008789
买车:		701		2		1054		16.575697		8620.450195
车:		702		1		1058		38.135132		8680.143555
的:		703		1		1059		38.135132		8658.584961
的人:		703		2		1059		10.285759		8630.736328
人:		704		1		1061		38.135132		8696.719727
，:		705		1		1062		38.135132		8668.871094
有:		706		1		1064		38.135132		8707.005859
有失:		706		2		1064		17.259624		8686.130859
失:		707		1		1065		38.135132		8745.140625
公:		708		1		1066		38.135132		8724.265625
公平:		708		2		1066		14.309917		8700.440430
平:		709		1		1068		38.135132		8762.400391
，:		710		1		1069		38.135132		8738.575195
但:		711		1		1071		38.135132		8776.709961
但也:		711		2		1071		14.620784		8753.196289
也:		712		1		1072		38.135132		8814.844727
也要:		712		2		1072		13.313684		8790.023438
要:		713		1		1073		38.135132		8791.331055
认:		714		1		1075		38.135132		8828.158203
认识:		714		2		1075		12.152121		8802.175781
认识到:		714		3		1075		15.210740		8805.234375
识:		715		1		1077		38.135132		8866.292969
到:		716		1		1078		38.135132		8840.310547
，:		717		1		1079		38.135132		8843.369141
鼓:		718		1		1082		38.135132		8881.503906
鼓励:		718		2		1082		13.254552		8856.624023
励:		719		1		1083		38.135132		8919.638672
个:		720		1		1084		38.135132		8894.758789
个人:		720		2		1084		10.365864		8866.990234
人:		721		1		1086		38.135132		8932.893555
购:		722		1		1087		38.135132		8905.125000
购买:		722		2		1087		11.875977		8878.866211
买:		723		1		1089		38.135132		8943.259766
新:		724		1		1090		38.135132		8917.000977
新能源:		724		3		1090		17.257870		8896.124023
能:		725		1		1092		38.135132		8955.135742
能源:		725		2		1092		13.822720		8930.823242
源:		726		1		1094		38.135132		8993.270508
汽:		727		1		1093		38.135132		8934.258789
汽车:		727		2		1093		11.373448		8907.497070
车:		728		1		1097		38.135132		8972.393555
，:		729		1		1098		38.135132		8945.631836
目:		730		1		1100		38.135132		8983.766602
目的:		730		2		1100		12.320322		8957.952148
目的是:		730		3		1100		21.312115		8966.944336
的:		731		1		1101		38.135132		9021.901367
的是:		731		2		1101		10.542900		8994.309570
是:		732		1		1102		38.135132		8996.086914
培:		733		1		1103		38.135132		9005.079102
培育:		733		2		1103		14.878862		8981.823242
育:		734		1		1107		38.135132		9043.213867
一:		735		1		1108		38.135132		9019.958008
一个:		735		2		1108		8.526978		8990.350586
个:		736		1		1110		38.135132		9058.092773
新:		737		1		1111		38.135132		9028.485352
新兴:		737		2		1111		15.246963		9005.597656
兴:		738		1		1113		38.135132		9066.620117
的:		739		1		1114		38.135132		9043.732422
战:		740		1		1116		38.135132		9081.867188
战略:		740		2		1116		12.506902		9056.239258
战略性:		740		3		1116		17.002611		9060.735352
略:		741		1		1117		38.135132		9120.001953
性:		742		1		1118		38.135132		9094.374023
产:		743		1		1119		38.135132		9098.870117
产业:		743		2		1119		12.014814		9072.750000
业:		744		1		1122		38.135132		9137.004883
。:		745		1		1123		38.135132		9110.884766
政:		746		1		1125		38.135132		9149.019531
政府:		746		2		1125		11.285891		9122.170898
府:		747		1		1126		38.135132		9187.154297
还:		748		1		1127		38.135132		9160.305664
还应:		748		2		1127		16.816805		9138.987305
应:		749		1		1129		38.135132		9198.440430
应为:		749		2		1129		16.783590		9177.088867
为:		750		1		1130		38.135132		9177.122070
新:		751		1		1132		38.135132		9215.223633
新能源:		751		3		1132		17.257870		9194.346680
能:		752		1		1134		38.135132		9253.358398
能源:		752		2		1134		13.822720		9229.045898
源:		753		1		1136		38.135132		9291.493164
汽:		754		1		1135		38.135132		9232.481445
汽车:		754		2		1135		11.373448		9205.719727
汽车产业:		754		4		1135		17.898836		9212.245117
车:		755		1		1139		38.135132		9270.616211
产:		756		1		1140		38.135132		9243.854492
产业:		756		2		1140		12.014814		9217.734375
产业化:		756		3		1140		15.318489		9221.038086
业:		757		1		1143		38.135132		9281.989258
化:		758		1		1141		38.135132		9250.379883
创:		759		1		1145		38.135132		9259.172852
创造:		759		2		1145		12.642841		9233.680664
创造一个:		759		4		1145		17.296844		9238.334961
造:		760		1		1148		38.135132		9297.307617
一:		761		1		1149		38.135132		9271.815430
一个:		761		2		1149		8.526978		9242.208008
个:		762		1		1152		38.135132		9309.950195
良:		763		1		1150		38.135132		9276.469727
良好:		763		2		1150		12.379209		9250.713867
好:		764		1		1155		38.135132		9314.604492
的:		765		1		1156		38.135132		9288.848633
消:		766		1		1158		38.135132		9326.983398
消费:		766		2		1158		12.536850		9301.385742
费:		767		1		1159		38.135132		9365.118164
环:		768		1		1160		38.135132		9339.520508
环境:		768		2		1160		10.587258		9311.972656
境:		769		1		1162		38.135132		9377.655273
，:		770		1		1163		38.135132		9350.107422
建:		771		1		1165		38.135132		9388.242188
建好:		771		2		1165		18.132536		9368.240234
好:		772		1		1166		38.135132		9426.376953
充:		773		1		1167		38.135132		9406.375000
充电:		773		2		1167		15.274811		9383.514648
电:		774		1		1169		38.135132		9444.509766
电站:		774		2		1169		16.898396		9423.273438
站:		775		1		1170		38.135132		9421.649414
等:		776		1		1173		38.135132		9459.784180
基:		777		1		1174		38.135132		9497.918945
基础:		777		2		1174		11.795649		9471.580078
基础设施:		777		4		1174		14.791886		9474.576172
础:		778		1		1175		38.135132		9536.053711
设:		779		1		1176		38.135132		9509.714844
设施:		779		2		1176		12.694830		9484.275391
施:		780		1		1179		38.135132		9547.849609
；:		781		1		1177		38.135132		9512.710938
第:		782		1		1182		38.135132		9550.845703
第三:		782		2		1182		13.455407		9526.166016
三:		783		1		1183		38.135132		9588.980469
，:		784		1		1184		38.135132		9564.300781
在:		785		1		1186		38.135132		9602.435547
新:		786		1		1187		38.135132		9640.570312
新能源:		786		3		1187		17.257870		9619.693359
能:		787		1		1188		38.135132		9678.705078
能源:		787		2		1188		13.822720		9654.392578
源:		788		1		1190		38.135132		9716.839844
汽:		789		1		1189		38.135132		9657.828125
汽车:		789		2		1189		11.373448		9631.066406
车:		790		1		1193		38.135132		9695.962891
关:		791		1		1194		38.135132		9669.201172
关键:		791		2		1194		12.650508		9643.716797
键:		792		1		1196		38.135132		9707.335938
零:		793		1		1197		38.135132		9681.851562
零部件:		793		3		1197		15.758807		9659.475586
部:		794		1		1199		38.135132		9719.986328
部件:		794		2		1199		15.555717		9697.407227
件:		795		1		1201		38.135132		9758.121094
研:		796		1		1200		38.135132		9697.610352
研发:		796		2		1200		13.537221		9673.012695
发:		797		1		1204		38.135132		9735.745117
上:		798		1		1205		38.135132		9711.147461
，:		799		1		1207		38.135132		9749.282227
要:		800		1		1208		38.135132		9787.416992
建:		801		1		1209		38.135132		9825.551758
建立:		801		2		1209		11.493251		9798.910156
建立起:		801		3		1209		15.561496		9802.978516
立:		802		1		1210		38.135132		9863.686523
起:		803		1		1211		38.135132		9837.044922
一:		804		1		1212		38.135132		9841.113281
一套:		804		2		1212		13.262109		9816.240234
套:		805		1		1215		38.135132		9879.248047
系:		806		1		1216		38.135132		9854.375000
系统:		806		2		1216		9.717778		9825.958008
统:		807		1		1218		38.135132		9892.509766
的:		808		1		1219		38.135132		9864.092773
支:		809		1		1221		38.135132		9902.227539
支持:		809		2		1221		10.165175		9874.257812
持:		810		1		1222		38.135132		9940.362305
政:		811		1		1223		38.135132		9912.392578
政策:		811		2		1223		11.815259		9886.073242
策:		812		1		1225		38.135132		9950.527344
。:		813		1		1226		38.135132		9924.208008
一:		814		1		1228		38.135132		9962.342773
一般:		814		2		1228		10.986551		9935.194336
般:		815		1		1229		38.135132		10000.477539
意:		816		1		1230		38.135132		9973.329102
意义:		816		2		1230		12.523319		9947.717773
意义上:		816		3		1230		22.397833		9957.591797
义:		817		1		1232		38.135132		10011.463867
上:		818		1		1233		38.135132		9985.852539
的:		819		1		1234		38.135132		9995.726562
政:		820		1		1237		38.135132		10033.861328
、:		821		1		1238		38.135132		10071.996094
产:		822		1		1239		38.135132		10110.130859
、:		823		1		1240		38.135132		10148.265625
学:		824		1		1241		38.135132		10186.400391
、:		825		1		1242		38.135132		10224.535156
研:		826		1		1243		38.135132		10262.669922
，:		827		1		1244		38.135132		10300.804688
不:		828		1		1245		38.135132		10338.939453
不能:		828		2		1245		10.260828		10311.065430
能:		829		1		1246		38.135132		10377.074219
能对:		829		2		1246		16.221437		10355.161133
对:		830		1		1247		38.135132		10349.200195
新:		831		1		1250		38.135132		10387.334961
新能源:		831		3		1250		17.257870		10366.458008
能:		832		1		1251		38.135132		10425.469727
能源:		832		2		1251		13.822720		10401.157227
源:		833		1		1253		38.135132		10463.604492
汽:		834		1		1252		38.135132		10404.592773
汽车:		834		2		1252		11.373448		10377.831055
汽车产业:		834		4		1252		17.898836		10384.356445
车:		835		1		1256		38.135132		10442.727539
产:		836		1		1257		38.135132		10415.965820
产业:		836		2		1257		12.014814		10389.845703
产业化:		836		3		1257		15.318489		10393.149414
业:		837		1		1260		38.135132		10454.100586
化:		838		1		1258		38.135132		10422.491211
起:		839		1		1262		38.135132		10431.284180
起到:		839		2		1262		14.294897		10407.444336
到:		840		1		1265		38.135132		10469.418945
足:		841		1		1266		38.135132		10445.579102
足够:		841		2		1266		13.705365		10421.149414
够:		842		1		1268		38.135132		10483.713867
的:		843		1		1269		38.135132		10459.284180
作:		844		1		1271		38.135132		10497.418945
作用:		844		2		1271		11.639915		10470.923828
用:		845		1		1272		38.135132		10535.553711
，:		846		1		1273		38.135132		10509.058594
由:		847		1		1275		38.135132		10547.193359
由于:		847		2		1275		10.973696		10520.032227
于:		848		1		1276		38.135132		10585.328125
这:		849		1		1277		38.135132		10558.166992
这种:		849		2		1277		10.715576		10530.748047
种:		850		1		1279		38.135132		10596.301758
联:		851		1		1280		38.135132		10568.882812
联合:		851		2		1280		12.811560		10543.559570
合:		852		1		1282		38.135132		10607.017578
攻:		853		1		1283		38.135132		10581.694336
攻关:		853		2		1283		16.745958		10560.305664
关:		854		1		1285		38.135132		10619.829102
体:		855		1		1286		38.135132		10598.440430
没:		856		1		1288		38.135132		10636.575195
没有:		856		2		1288		8.899766		10607.339844
有:		857		1		1289		38.135132		10674.709961
跟:		858		1		1290		38.135132		10645.474609
最:		859		1		1292		38.135132		10683.609375
最终:		859		2		1292		12.397123		10657.872070
终:		860		1		1293		38.135132		10721.744141
利:		861		1		1294		38.135132		10696.006836
利益:		861		2		1294		12.486930		10670.359375
益:		862		1		1296		38.135132		10734.141602
挂:		863		1		1297		38.135132		10708.494141
挂钩:		863		2		1297		16.464024		10686.823242
钩:		864		1		1299		38.135132		10746.628906
，:		865		1		1300		38.135132		10724.958008
一:		866		1		1302		38.135132		10763.092773
一旦:		866		2		1302		13.134812		10738.092773
旦:		867		1		1303		38.135132		10801.227539
协:		868		1		1304		38.135132		10776.227539
协调:		868		2		1304		13.475700		10751.568359
调:		869		1		1306		38.135132		10814.362305
得:		870		1		1307		38.135132		10789.703125
不:		871		1		1309		38.135132		10827.837891
不好:		871		2		1309		12.358302		10802.061523
好:		872		1		1310		38.135132		10865.972656
，:		873		1		1311		38.135132		10840.196289
很:		874		1		1313		38.135132		10878.331055
很难:		874		2		1313		13.170553		10853.367188
难:		875		1		1314		38.135132		10916.465820
形:		876		1		1315		38.135132		10891.501953
形成:		876		2		1315		12.158414		10865.525391
成:		877		1		1317		38.135132		10929.636719
成:		878		1		1318		38.135132		10903.660156
成果:		878		2		1318		13.217768		10878.743164
果:		879		1		1320		38.135132		10941.794922
并:		880		1		1321		38.135132		10916.877930
并进:		880		2		1321		17.767641		10896.510742
进:		881		1		1323		38.135132		10955.012695
进行:		881		2		1323		9.631206		10926.508789
行:		882		1		1324		38.135132		10934.645508
产:		883		1		1326		38.135132		10964.643555
产业:		883		2		1326		12.014814		10938.523438
产业化:		883		3		1326		15.318489		10941.827148
业:		884		1		1328		38.135132		11002.778320
化:		885		1		1329		38.135132		10976.658203
。:		886		1		1330		38.135132		10979.961914
因:		887		1		1333		38.135132		11018.096680
因此:		887		2		1333		11.187555		10991.149414
此:		888		1		1334		38.135132		11056.231445
，:		889		1		1335		38.135132		11029.284180
在:		890		1		1337		38.135132		11067.418945
“:		891		1		1338		38.135132		11105.553711
十:		892		1		1339		38.135132		11143.688477
十二:		892		2		1339		14.074396		11119.627930
二:		893		1		1340		38.135132		11181.823242
二五:		893		2		1340		19.114525		11162.802734
五:		894		1		1341		38.135132		11157.762695
”:		895		1		1344		38.135132		11195.897461
规:		896		1		1345		38.135132		11234.032227
规划:		896		2		1345		12.389815		11208.287109
划:		897		1		1346		38.135132		11272.166992
中:		898		1		1347		38.135132		11246.421875
，:		899		1		1349		38.135132		11284.556641
建:		900		1		1350		38.135132		11322.691406
建立:		900		2		1350		11.493251		11296.049805
立:		901		1		1351		38.135132		11360.826172
立成:		901		2		1351		20.019611		11342.710938
成:		902		1		1352		38.135132		11334.184570
成体:		902		2		1352		20.796850		11316.846680
体:		903		1		1355		38.135132		11372.319336
体系:		903		2		1355		12.510838		11346.695312
系:		904		1		1356		38.135132		11354.981445
的:		905		1		1358		38.135132		11384.830078
激:		906		1		1360		38.135132		11422.964844
激励:		906		2		1360		14.594084		11399.423828
激励机制:		906		4		1360		17.600594		11402.430664
励:		907		1		1361		38.135132		11461.099609
机:		908		1		1362		38.135132		11437.558594
机制:		908		2		1362		12.989679		11412.413086
制:		909		1		1365		38.135132		11475.693359
。:		910		1		1363		38.135132		11440.565430
比:		911		1		1368		38.135132		11478.700195
比如:		911		2		1368		12.694897		11453.260742
如:		912		1		1369		38.135132		11516.834961
先:		913		1		1370		38.135132		11491.395508
先期:		913		2		1370		17.891768		11471.152344
期:		914		1		1372		38.135132		11529.530273
给:		915		1		1373		38.135132		11509.287109
十:		916		1		1375		38.135132		11547.421875
十家:		916		2		1375		19.212570		11528.500000
家:		917		1		1376		38.135132		11585.556641
企:		918		1		1377		38.135132		11566.634766
企业:		918		2		1377		9.434805		11537.934570
业:		919		1		1379		38.135132		11604.769531
相:		920		1		1380		38.135132		11576.069336
相同:		920		2		1380		13.079821		11551.014648
同:		921		1		1382		38.135132		11614.204102
数:		922		1		1383		38.135132		11589.149414
数额:		922		2		1383		15.946587		11566.960938
额:		923		1		1385		38.135132		11627.284180
资:		924		1		1386		38.135132		11605.095703
资金:		924		2		1386		11.932599		11578.893555
金:		925		1		1388		38.135132		11643.230469
的:		926		1		1389		38.135132		11617.028320
支:		927		1		1391		38.135132		11655.163086
支持:		927		2		1391		10.165175		11627.193359
持:		928		1		1392		38.135132		11693.297852
，:		929		1		1393		38.135132		11665.328125
过:		930		1		1395		38.135132		11703.462891
一:		931		1		1396		38.135132		11741.597656
一段:		931		2		1396		12.503933		11715.966797
一段时间:		931		4		1396		13.999469		11717.461914
段:		932		1		1397		38.135132		11779.732422
时:		933		1		1398		38.135132		11754.101562
时间:		933		2		1398		8.618660		11724.585938
间:		934		1		1401		38.135132		11792.236328
，:		935		1		1399		38.135132		11755.596680
谁:		936		1		1404		38.135132		11793.731445
获:		937		1		1405		38.135132		11831.866211
获得:		937		2		1405		11.537156		11805.268555
获得了:		937		3		1405		19.343204		11813.074219
得:		938		1		1406		38.135132		11870.000977
得了:		938		2		1406		14.347449		11846.213867
了:		939		1		1407		38.135132		11843.403320
成:		940		1		1408		38.135132		11851.208984
成功:		940		2		1408		11.240808		11824.315430
功:		941		1		1412		38.135132		11889.343750
，:		942		1		1413		38.135132		11862.450195
就:		943		1		1415		38.135132		11900.584961
采:		944		1		1416		38.135132		11938.719727
采取:		944		2		1416		12.645718		11913.230469
取:		945		1		1417		38.135132		11976.854492
减:		946		1		1418		38.135132		11951.365234
减税:		946		2		1418		18.614244		11931.844727
税:		947		1		1420		38.135132		11989.500000
、:		948		1		1421		38.135132		11969.979492
返:		949		1		1423		38.135132		12008.114258
返还:		949		2		1423		16.690418		11986.669922
还:		950		1		1424		38.135132		12046.249023
税:		951		1		1425		38.135132		12024.804688
税收:		951		2		1425		14.343936		12001.013672
收:		952		1		1427		38.135132		12062.939453
等:		953		1		1428		38.135132		12039.148438
措:		954		1		1430		38.135132		12077.283203
措施:		954		2		1430		12.521972		12051.669922
施:		955		1		1431		38.135132		12115.417969
重:		956		1		1432		38.135132		12089.804688
重点:		956		2		1432		11.973221		12063.643555
点:		957		1		1434		38.135132		12127.939453
鼓:		958		1		1435		38.135132		12101.778320
鼓励:		958		2		1435		13.254552		12076.898438
励:		959		1		1437		38.135132		12139.913086
谁:		960		1		1438		38.135132		12115.033203
。:		961		1		1440		38.135132		12153.167969
 :		962		1		1441		38.135132		12191.302734
