【:		0		1		0		38.135132		0.000000
“:		1		1		0		38.135132		0.000000
十:		2		1		0		38.135132		0.000000
十二:		2		2		0		14.074396		0.000000
二:		3		1		0		38.135132		0.000000
二五:		3		2		0		19.114525		0.000000
五:		4		1		0		38.135132		0.000000
“:		5		1		0		38.135132		0.000000
规:		6		1		0		38.135132		0.000000
规划:		6		2		0		12.389815		0.000000
划:		7		1		0		38.135132		0.000000
：:		8		1		0		38.135132		0.000000
助:		9		1		0		38.135132		0.000000
中:		10		1		0		38.135132		0.000000
中国:		10		2		0		8.696191		0.000000
中国汽车:		10		4		0		16.229748		0.000000
国:		11		1		0		38.135132		0.000000
汽:		12		1		0		38.135132		0.000000
汽车:		12		2		0		11.373448		0.000000
汽车业:		12		3		0		17.881058		0.000000
车:		13		1		0		38.135132		0.000000
业:		14		1		0		38.135132		0.000000
由:		15		1		0		38.135132		0.000000
大:		16		1		0		38.135132		0.000000
大到:		16		2		0		17.288326		0.000000
到:		17		1		0		38.135132		0.000000
强:		18		1		0		38.135132		0.000000
】:		19		1		0		38.135132		0.000000
:		20		1		0		38.135132		0.000000

:		21		1		0		38.135132		0.000000
　:		22		1		0		38.135132		0.000000
　:		23		1		0		38.135132		0.000000
目:		24		1		0		38.135132		0.000000
目前:		24		2		0		10.491412		0.000000
前:		25		1		0		38.135132		0.000000
，:		26		1		0		38.135132		0.000000
中:		27		1		0		38.135132		0.000000
中国:		27		2		0		8.696191		0.000000
国:		28		1		0		38.135132		0.000000
虽:		29		1		0		38.135132		0.000000
虽然:		29		2		0		10.724914		0.000000
然:		30		1		0		38.135132		0.000000
已:		31		1		0		38.135132		0.000000
已经:		31		2		0		9.548285		0.000000
已经成为:		31		4		0		14.954662		0.000000
经:		32		1		0		38.135132		0.000000
成:		33		1		0		38.135132		0.000000
成为:		33		2		0		10.606175		0.000000
成为世界:		33		4		0		17.121632		0.000000
为:		34		1		0		38.135132		0.000000
世:		35		1		0		38.135132		0.000000
世界:		35		2		0		10.308317		0.000000
界:		36		1		0		38.135132		0.000000
汽:		37		1		0		38.135132		0.000000
汽车:		37		2		0		11.373448		0.000000
车:		38		1		0		38.135132		0.000000
大:		39		1		0		38.135132		0.000000
大国:		39		2		0		15.689738		0.000000
国:		40		1		0		38.135132		0.000000
，:		41		1		0		38.135132		0.000000
但:		42		1		0		38.135132		0.000000
但还:		42		2		0		17.347538		0.000000
还:		43		1		0		38.135132		0.000000
还不:		43		2		0		13.690926		0.000000
不:		44		1		0		38.135132		0.000000
不是:		44		2		0		10.348491		0.000000
是:		45		1		0		38.135132		0.000000
汽:		46		1		0		38.135132		0.000000
汽车:		46		2		0		11.373448		0.000000
车:		47		1		0		38.135132		0.000000
强:		48		1		0		38.135132		0.000000
强国:		48		2		0		16.680475		0.000000
国:		49		1		0		38.135132		0.000000
。:		50		1		0		38.135132		0.000000
要:		51		1		0		38.135132		0.000000
成:		52		1		0		38.135132		0.000000
成为:		52		2		0		10.606175		0.000000
为:		53		1		0		38.135132		0.000000
汽:		54		1		0		38.135132		0.000000
汽车:		54		2		0		11.373448		0.000000
车:		55		1		0		38.135132		0.000000
强:		56		1		0		38.135132		0.000000
强国:		56		2		0		16.680475		0.000000
国:		57		1		0		38.135132		0.000000
，:		58		1		0		38.135132		0.000000
必:		59		1		0		38.135132		0.000000
必须:		59		2		0		11.077580		0.000000
须:		60		1		0		38.135132		0.000000
制:		61		1		0		38.135132		0.000000
制定:		61		2		0		12.840987		0.000000
定:		62		1		0		38.135132		0.000000
明:		63		1		0		38.135132		0.000000
明确:		63		2		0		12.697460		0.000000
确:		64		1		0		38.135132		0.000000
的:		65		1		0		38.135132		0.000000
发:		66		1		0		38.135132		0.000000
发展:		66		2		0		9.766432		0.000000
发展战略:		66		4		0		15.887586		0.000000
展:		67		1		0		38.135132		0.000000
战:		68		1		0		38.135132		0.000000
战略:		68		2		0		12.506902		0.000000
略:		69		1		0		38.135132		0.000000
。:		70		1		0		38.135132		0.000000
这:		71		1		0		38.135132		0.000000
这个:		71		2		0		9.445181		0.000000
个:		72		1		0		38.135132		0.000000
发:		73		1		0		38.135132		0.000000
发展:		73		2		0		9.766432		0.000000
发展战略:		73		4		0		15.887586		0.000000
展:		74		1		0		38.135132		0.000000
战:		75		1		0		38.135132		0.000000
战略:		75		2		0		12.506902		0.000000
略:		76		1		0		38.135132		0.000000
不:		77		1		0		38.135132		0.000000
不能:		77		2		0		10.260828		0.000000
能:		78		1		0		38.135132		0.000000
只:		79		1		0		38.135132		0.000000
只管:		79		2		0		16.811104		0.000000
管:		80		1		0		38.135132		0.000000
三:		81		1		0		38.135132		0.000000
三五:		81		2		0		17.412579		0.000000
三五年:		81		3		0		19.563211		0.000000
五:		82		1		0		38.135132		0.000000
五年:		82		2		0		14.200500		0.000000
年:		83		1		0		38.135132		0.000000
，:		84		1		0		38.135132		0.000000
而:		85		1		0		38.135132		0.000000
而是:		85		2		0		12.415330		0.000000
而是要:		85		3		0		22.528845		0.000000
是:		86		1		0		38.135132		0.000000
要:		87		1		0		38.135132		0.000000
管:		88		1		0		38.135132		0.000000
十:		89		1		0		38.135132		0.000000
十年:		89		2		0		13.990494		0.000000
年:		90		1		0		38.135132		0.000000
、:		91		1		0		38.135132		0.000000
二:		92		1		0		38.135132		0.000000
二十:		92		2		0		13.643643		0.000000
二十年:		92		3		0		15.585584		0.000000
十:		93		1		0		38.135132		0.000000
十年:		93		2		0		13.990494		0.000000
年:		94		1		0		38.135132		0.000000
，:		95		1		0		38.135132		0.000000
甚:		96		1		0		38.135132		0.000000
甚至:		96		2		0		11.612372		0.000000
至:		97		1		0		38.135132		0.000000
更:		98		1		0		38.135132		0.000000
更长:		98		2		0		17.205027		0.000000
长:		99		1		0		38.135132		0.000000
长时间:		99		3		0		13.923071		0.000000
时:		100		1		0		38.135132		0.000000
时间:		100		2		0		8.618660		0.000000
间:		101		1		0		38.135132		0.000000
。:		102		1		0		38.135132		0.000000
汽:		103		1		0		38.135132		0.000000
汽车:		103		2		0		11.373448		0.000000
车:		104		1		0		38.135132		0.000000
界:		105		1		0		38.135132		0.000000
希:		106		1		0		38.135132		0.000000
希望:		106		2		0		10.862642		0.000000
望:		107		1		0		38.135132		0.000000
国:		108		1		0		38.135132		0.000000
国家:		108		2		0		10.191548		0.000000
家:		109		1		0		38.135132		0.000000
尽:		110		1		0		38.135132		0.000000
尽快:		110		2		0		13.551216		0.000000
快:		111		1		0		38.135132		0.000000
制:		112		1		0		38.135132		0.000000
制定:		112		2		0		12.840987		0.000000
定:		113		1		0		38.135132		0.000000
出:		114		1		0		38.135132		0.000000
出具:		114		2		0		15.602109		0.000000
具:		115		1		0		38.135132		0.000000
具体:		115		2		0		11.914132		0.000000
体:		116		1		0		38.135132		0.000000
发:		117		1		0		38.135132		0.000000
发展:		117		2		0		9.766432		0.000000
发展战略:		117		4		0		15.887586		0.000000
展:		118		1		0		38.135132		0.000000
战:		119		1		0		38.135132		0.000000
战略:		119		2		0		12.506902		0.000000
略:		120		1		0		38.135132		0.000000
，:		121		1		0		38.135132		0.000000
然:		122		1		0		38.135132		0.000000
然后:		122		2		0		11.046286		0.000000
后:		123		1		0		38.135132		0.000000
在:		124		1		0		38.135132		0.000000
在此:		124		2		0		13.285027		0.000000
在此基础上:		124		5		0		17.109467		0.000000
此:		125		1		0		38.135132		0.000000
基:		126		1		0		38.135132		0.000000
基础:		126		2		0		11.795649		0.000000
基础上:		126		3		0		13.442441		0.000000
础:		127		1		0		38.135132		0.000000
上:		128		1		0		38.135132		0.000000
出:		129		1		0		38.135132		0.000000
出台:		129		2		0		13.864319		0.000000
台:		130		1		0		38.135132		0.000000
相:		131		1		0		38.135132		0.000000
相关:		131		2		0		9.913542		0.000000
关:		132		1		0		38.135132		0.000000
产:		133		1		0		38.135132		0.000000
产业:		133		2		0		12.014814		0.000000
产业政策:		133		4		0		17.499205		0.000000
业:		134		1		0		38.135132		0.000000
政:		135		1		0		38.135132		0.000000
政策:		135		2		0		11.815259		0.000000
策:		136		1		0		38.135132		0.000000
，:		137		1		0		38.135132		0.000000
由:		138		1		0		38.135132		0.000000
政:		139		1		0		38.135132		0.000000
政策:		139		2		0		11.815259		0.000000
策:		140		1		0		38.135132		0.000000
支:		141		1		0		38.135132		0.000000
支持:		141		2		0		10.165175		0.000000
持:		142		1		0		38.135132		0.000000
战:		143		1		0		38.135132		0.000000
战略:		143		2		0		12.506902		0.000000
略:		144		1		0		38.135132		0.000000
。:		145		1		0		38.135132		0.000000
:		146		1		0		38.135132		0.000000

:		147		1		0		38.135132		0.000000
　:		148		1		0		38.135132		0.000000
　:		149		1		0		38.135132		0.000000
汽:		150		1		0		38.135132		0.000000
汽车:		150		2		0		11.373448		0.000000
汽车业:		150		3		0		17.881058		0.000000
车:		151		1		0		38.135132		0.000000
业:		152		1		0		38.135132		0.000000
有:		153		1		0		38.135132		0.000000
大:		154		1		0		38.135132		0.000000
大到:		154		2		0		17.288326		0.000000
到:		155		1		0		38.135132		0.000000
强:		156		1		0		38.135132		0.000000
，:		157		1		0		38.135132		0.000000
首:		158		1		0		38.135132		0.000000
首先:		158		2		0		12.307107		0.000000
先:		159		1		0		38.135132		0.000000
要:		160		1		0		38.135132		0.000000
明:		161		1		0		38.135132		0.000000
明确:		161		2		0		12.697460		0.000000
确:		162		1		0		38.135132		0.000000
战:		163		1		0		38.135132		0.000000
战略:		163		2		0		12.506902		0.000000
战略规划:		163		4		0		18.280018		0.000000
略:		164		1		0		38.135132		0.000000
规:		165		1		0		38.135132		0.000000
规划:		165		2		0		12.389815		0.000000
划:		166		1		0		38.135132		0.000000
，:		167		1		0		38.135132		0.000000
制:		168		1		0		38.135132		0.000000
制定:		168		2		0		12.840987		0.000000
定:		169		1		0		38.135132		0.000000
明:		170		1		0		38.135132		0.000000
明确:		170		2		0		12.697460		0.000000
确:		171		1		0		38.135132		0.000000
的:		172		1		0		38.135132		0.000000
战:		173		1		0		38.135132		0.000000
战略:		173		2		0		12.506902		0.000000
战略目标:		173		4		0		17.589327		0.000000
略:		174		1		0		38.135132		0.000000
目:		175		1		0		38.135132		0.000000
目标:		175		2		0		11.560039		0.000000
标:		176		1		0		38.135132		0.000000
。:		177		1		0		38.135132		0.000000
如:		178		1		0		38.135132		0.000000
如下:		178		2		0		12.467198		0.000000
下:		179		1		0		38.135132		0.000000
下一:		179		2		0		14.481962		0.000000
下一个:		179		3		0		14.626226		0.000000
一:		180		1		0		38.135132		0.000000
一个:		180		2		0		8.526978		0.000000
个:		181		1		0		38.135132		0.000000
五:		182		1		0		38.135132		0.000000
五年:		182		2		0		14.200500		0.000000
年:		183		1		0		38.135132		0.000000
发:		184		1		0		38.135132		0.000000
发展:		184		2		0		9.766432		0.000000
发展规划:		184		4		0		16.280766		0.000000
展:		185		1		0		38.135132		0.000000
规:		186		1		0		38.135132		0.000000
规划:		186		2		0		12.389815		0.000000
划:		187		1		0		38.135132		0.000000
，:		188		1		0		38.135132		0.000000
中:		189		1		0		38.135132		0.000000
中国:		189		2		0		8.696191		0.000000
国:		190		1		0		38.135132		0.000000
要:		191		1		0		38.135132		0.000000
要向:		191		2		0		16.192989		0.000000
向:		192		1		0		38.135132		0.000000
成:		193		1		0		38.135132		0.000000
成为:		193		2		0		10.606175		0.000000
成为世界:		193		4		0		17.121632		0.000000
为:		194		1		0		38.135132		0.000000
世:		195		1		0		38.135132		0.000000
世界:		195		2		0		10.308317		0.000000
界:		196		1		0		38.135132		0.000000
汽:		197		1		0		38.135132		0.000000
汽车:		197		2		0		11.373448		0.000000
车:		198		1		0		38.135132		0.000000
强:		199		1		0		38.135132		0.000000
强国:		199		2		0		16.680475		0.000000
国:		200		1		0		38.135132		0.000000
努:		201		1		0		38.135132		0.000000
努力:		201		2		0		11.707370		0.000000
力:		202		1		0		38.135132		0.000000
，:		203		1		0		38.135132		0.000000
那:		204		1		0		38.135132		0.000000
那么:		204		2		0		10.836864		0.000000
么:		205		1		0		38.135132		0.000000
怎:		206		1		0		38.135132		0.000000
怎样:		206		2		0		12.309377		0.000000
样:		207		1		0		38.135132		0.000000
算:		208		1		0		38.135132		0.000000
算是:		208		2		0		13.667937		0.000000
是:		209		1		0		38.135132		0.000000
汽:		210		1		0		38.135132		0.000000
汽车:		210		2		0		11.373448		0.000000
车:		211		1		0		38.135132		0.000000
强:		212		1		0		38.135132		0.000000
强国:		212		2		0		16.680475		0.000000
国:		213		1		0		38.135132		0.000000
，:		214		1		0		38.135132		0.000000
成:		215		1		0		38.135132		0.000000
成为:		215		2		0		10.606175		0.000000
为:		216		1		0		38.135132		0.000000
汽:		217		1		0		38.135132		0.000000
汽车:		217		2		0		11.373448		0.000000
车:		218		1		0		38.135132		0.000000
强:		219		1		0		38.135132		0.000000
强国:		219		2		0		16.680475		0.000000
国:		220		1		0		38.135132		0.000000
要:		221		1		0		38.135132		0.000000
具:		222		1		0		38.135132		0.000000
具备:		222		2		0		13.382817		0.000000
备:		223		1		0		38.135132		0.000000
什:		224		1		0		38.135132		0.000000
什么:		224		2		0		10.040577		0.000000
什么样:		224		3		0		13.547798		0.000000
么:		225		1		0		38.135132		0.000000
样:		226		1		0		38.135132		0.000000
的:		227		1		0		38.135132		0.000000
条:		228		1		0		38.135132		0.000000
条件:		228		2		0		11.798542		0.000000
件:		229		1		0		38.135132		0.000000
。:		230		1		0		38.135132		0.000000
要:		231		1		0		38.135132		0.000000
成:		232		1		0		38.135132		0.000000
成为:		232		2		0		10.606175		0.000000
为:		233		1		0		38.135132		0.000000
汽:		234		1		0		38.135132		0.000000
汽车:		234		2		0		11.373448		0.000000
车:		235		1		0		38.135132		0.000000
强:		236		1		0		38.135132		0.000000
强国:		236		2		0		16.680475		0.000000
国:		237		1		0		38.135132		0.000000
，:		238		1		0		38.135132		0.000000
我:		239		1		0		38.135132		0.000000
我们:		239		2		0		8.614799		0.000000
们:		240		1		0		38.135132		0.000000
的:		241		1		0		38.135132		0.000000
着:		242		1		0		38.135132		0.000000
着力:		242		2		0		15.833965		0.000000
力:		243		1		0		38.135132		0.000000
力点:		243		2		0		18.713593		0.000000
点:		244		1		0		38.135132		0.000000
应:		245		1		0		38.135132		0.000000
应该:		245		2		0		10.874715		0.000000
该:		246		1		0		38.135132		0.000000
放:		247		1		0		38.135132		0.000000
放在:		247		2		0		12.636302		0.000000
在:		248		1		0		38.135132		0.000000
哪:		249		1		0		38.135132		0.000000
哪里:		249		2		0		13.240298		0.000000
里:		250		1		0		38.135132		0.000000
，:		251		1		0		38.135132		0.000000
这:		252		1		0		38.135132		0.000000
这些:		252		2		0		10.400545		0.000000
些:		253		1		0		38.135132		0.000000
都:		254		1		0		38.135132		0.000000
都要:		254		2		0		13.103823		0.000000
要:		255		1		0		38.135132		0.000000
要说:		255		2		0		14.772539		0.000000
说:		256		1		0		38.135132		0.000000
清:		257		1		0		38.135132		0.000000
清楚:		257		2		0		12.940315		0.000000
楚:		258		1		0		38.135132		0.000000
，:		259		1		0		38.135132		0.000000
然:		260		1		0		38.135132		0.000000
然后:		260		2		0		11.046286		0.000000
后:		261		1		0		38.135132		0.000000
奔:		262		1		0		38.135132		0.000000
着:		263		1		0		38.135132		0.000000
这:		264		1		0		38.135132		0.000000
这个:		264		2		0		9.445181		0.000000
个:		265		1		0		38.135132		0.000000
目:		266		1		0		38.135132		0.000000
目标:		266		2		0		11.560039		0.000000
标:		267		1		0		38.135132		0.000000
来:		268		1		0		38.135132		0.000000
来做:		268		2		0		15.554203		0.000000
做:		269		1		0		38.135132		0.000000
，:		270		1		0		38.135132		0.000000
这:		271		1		0		38.135132		0.000000
这样:		271		2		0		10.567831		0.000000
样:		272		1		0		38.135132		0.000000
规:		273		1		0		38.135132		0.000000
规划:		273		2		0		12.389815		0.000000
划:		274		1		0		38.135132		0.000000
才:		275		1		0		38.135132		0.000000
才有:		275		2		0		14.558590		0.000000
有:		276		1		0		38.135132		0.000000
有意:		276		2		0		13.589284		0.000000
有意义:		276		3		0		15.857119		0.000000
意:		277		1		0		38.135132		0.000000
意义:		277		2		0		12.523319		0.000000
义:		278		1		0		38.135132		0.000000
。:		279		1		0		38.135132		0.000000
:		280		1		0		38.135132		0.000000

:		281		1		0		38.135132		0.000000
　:		282		1		0		38.135132		0.000000
　:		283		1		0		38.135132		0.000000
在:		284		1		0		38.135132		0.000000
发:		285		1		0		38.135132		0.000000
发动:		285		2		0		14.383883		0.000000
发动机:		285		3		0		14.240857		0.000000
动:		286		1		0		38.135132		0.000000
动机:		286		2		0		15.618822		0.000000
机:		287		1		0		38.135132		0.000000
方:		288		1		0		38.135132		0.000000
方面:		288		2		0		11.074304		0.000000
面:		289		1		0		38.135132		0.000000
，:		290		1		0		38.135132		0.000000
国:		291		1		0		38.135132		0.000000
国家:		291		2		0		10.191548		0.000000
家:		292		1		0		38.135132		0.000000
应:		293		1		0		38.135132		0.000000
应将:		293		2		0		17.392418		0.000000
将:		294		1		0		38.135132		0.000000
发:		295		1		0		38.135132		0.000000
发动:		295		2		0		14.383883		0.000000
发动机:		295		3		0		14.240857		0.000000
动:		296		1		0		38.135132		0.000000
动机:		296		2		0		15.618822		0.000000
机:		297		1		0		38.135132		0.000000
喷:		298		1		0		38.135132		0.000000
喷射:		298		2		0		17.134325		0.000000
射:		299		1		0		38.135132		0.000000
系:		300		1		0		38.135132		0.000000
系统:		300		2		0		9.717778		0.000000
统:		301		1		0		38.135132		0.000000
研:		302		1		0		38.135132		0.000000
研发:		302		2		0		13.537221		0.000000
发:		303		1		0		38.135132		0.000000
技:		304		1		0		38.135132		0.000000
技术:		304		2		0		9.743057		0.000000
术:		305		1		0		38.135132		0.000000
列:		306		1		0		38.135132		0.000000
列入:		306		2		0		15.073219		0.000000
入:		307		1		0		38.135132		0.000000
汽:		308		1		0		38.135132		0.000000
汽车:		308		2		0		11.373448		0.000000
汽车产业:		308		4		0		17.898836		0.000000
车:		309		1		0		38.135132		0.000000
产:		310		1		0		38.135132		0.000000
产业:		310		2		0		12.014814		0.000000
业:		311		1		0		38.135132		0.000000
“:		312		1		0		38.135132		0.000000
十:		313		1		0		38.135132		0.000000
十二:		313		2		0		14.074396		0.000000
二:		314		1		0		38.135132		0.000000
二五:		314		2		0		19.114525		0.000000
五:		315		1		0		38.135132		0.000000
”:		316		1		0		38.135132		0.000000
规:		317		1		0		38.135132		0.000000
规划:		317		2		0		12.389815		0.000000
划:		318		1		0		38.135132		0.000000
。:		319		1		0		38.135132		0.000000
发:		320		1		0		38.135132		0.000000
发动:		320		2		0		14.383883		0.000000
发动机:		320		3		0		14.240857		0.000000
动:		321		1		0		38.135132		0.000000
动机:		321		2		0		15.618822		0.000000
机:		322		1		0		38.135132		0.000000
最:		323		1		0		38.135132		0.000000
核:		324		1		0		38.135132		0.000000
核心:		324		2		0		12.885754		0.000000
心:		325		1		0		38.135132		0.000000
的:		326		1		0		38.135132		0.000000
技:		327		1		0		38.135132		0.000000
技术:		327		2		0		9.743057		0.000000
术:		328		1		0		38.135132		0.000000
是:		329		1		0		38.135132		0.000000
能:		330		1		0		38.135132		0.000000
能满足:		330		3		0		16.581215		0.000000
满:		331		1		0		38.135132		0.000000
满足:		331		2		0		12.586336		0.000000
足:		332		1		0		38.135132		0.000000
国:		333		1		0		38.135132		0.000000
Ⅲ:		334		1		0		38.135132		0.000000
以:		335		1		0		38.135132		0.000000
以上:		335		2		0		10.885560		0.000000
上:		336		1		0		38.135132		0.000000
排:		337		1		0		38.135132		0.000000
排放:		337		2		0		15.775693		0.000000
排放标准:		337		4		0		18.524651		0.000000
放:		338		1		0		38.135132		0.000000
标:		339		1		0		38.135132		0.000000
标准:		339		2		0		11.005573		0.000000
准:		340		1		0		38.135132		0.000000
的:		341		1		0		38.135132		0.000000
喷:		342		1		0		38.135132		0.000000
喷射:		342		2		0		17.134325		0.000000
射:		343		1		0		38.135132		0.000000
系:		344		1		0		38.135132		0.000000
系统:		344		2		0		9.717778		0.000000
统:		345		1		0		38.135132		0.000000
。:		346		1		0		38.135132		0.000000
这:		347		1		0		38.135132		0.000000
这项:		347		2		0		14.521128		0.000000
项:		348		1		0		38.135132		0.000000
技:		349		1		0		38.135132		0.000000
技术:		349		2		0		9.743057		0.000000
术:		350		1		0		38.135132		0.000000
目:		351		1		0		38.135132		0.000000
目前:		351		2		0		10.491412		0.000000
前:		352		1		0		38.135132		0.000000
被:		353		1		0		38.135132		0.000000
国:		354		1		0		38.135132		0.000000
国外:		354		2		0		12.740237		0.000000
外:		355		1		0		38.135132		0.000000
零:		356		1		0		38.135132		0.000000
零部件:		356		3		0		15.758807		0.000000
部:		357		1		0		38.135132		0.000000
部件:		357		2		0		15.555717		0.000000
件:		358		1		0		38.135132		0.000000
公:		359		1		0		38.135132		0.000000
公司:		359		2		0		8.879522		0.000000
司:		360		1		0		38.135132		0.000000
博:		361		1		0		38.135132		0.000000
博世:		361		2		0		19.153889		0.000000
世:		362		1		0		38.135132		0.000000
、:		363		1		0		38.135132		0.000000
德:		364		1		0		38.135132		0.000000
德尔:		364		2		0		17.435833		0.000000
德尔福:		364		3		0		20.271793		0.000000
尔:		365		1		0		38.135132		0.000000
福:		366		1		0		38.135132		0.000000
、:		367		1		0		38.135132		0.000000
西:		368		1		0		38.135132		0.000000
西门:		368		2		0		15.728488		0.000000
西门子:		368		3		0		15.082319		0.000000
门:		369		1		0		38.135132		0.000000
子:		370		1		0		38.135132		0.000000
等:		371		1		0		38.135132		0.000000
牢:		372		1		0		38.135132		0.000000
牢牢:		372		2		0		15.988983		0.000000
牢:		373		1		0		38.135132		0.000000
掌:		374		1		0		38.135132		0.000000
掌控:		374		2		0		16.520361		0.000000
控:		375		1		0		38.135132		0.000000
，:		376		1		0		38.135132		0.000000
国:		377		1		0		38.135132		0.000000
国内:		377		2		0		11.333591		0.000000
内:		378		1		0		38.135132		0.000000
零:		379		1		0		38.135132		0.000000
零部件:		379		3		0		15.758807		0.000000
零部件企业:		379		5		0		20.152430		0.000000
部:		380		1		0		38.135132		0.000000
部件:		380		2		0		15.555717		0.000000
件:		381		1		0		38.135132		0.000000
企:		382		1		0		38.135132		0.000000
企业:		382		2		0		9.434805		0.000000
业:		383		1		0		38.135132		0.000000
还:		384		1		0		38.135132		0.000000
还没:		384		2		0		12.621042		0.000000
还没有:		384		3		0		12.304519		0.000000
没:		385		1		0		38.135132		0.000000
没有:		385		2		0		8.899766		0.000000
有:		386		1		0		38.135132		0.000000
与:		387		1		0		38.135132		0.000000
与之:		387		2		0		15.468986		0.000000
之:		388		1		0		38.135132		0.000000
抗:		389		1		0		38.135132		0.000000
抗衡:		389		2		0		16.739124		0.000000
衡:		390		1		0		38.135132		0.000000
的:		391		1		0		38.135132		0.000000
能:		392		1		0		38.135132		0.000000
能力:		392		2		0		10.931369		0.000000
力:		393		1		0		38.135132		0.000000
。:		394		1		0		38.135132		0.000000
喷:		395		1		0		38.135132		0.000000
喷射:		395		2		0		17.134325		0.000000
射:		396		1		0		38.135132		0.000000
系:		397		1		0		38.135132		0.000000
系统:		397		2		0		9.717778		0.000000
统:		398		1		0		38.135132		0.000000
的:		399		1		0		38.135132		0.000000
研:		400		1		0		38.135132		0.000000
研发:		400		2		0		13.537221		0.000000
发:		401		1		0		38.135132		0.000000
涉:		402		1		0		38.135132		0.000000
涉及:		402		2		0		13.477120		0.000000
及:		403		1		0		38.135132		0.000000
燃:		404		1		0		38.135132		0.000000
燃油:		404		2		0		16.027342		0.000000
油:		405		1		0		38.135132		0.000000
和:		406		1		0		38.135132		0.000000
电:		407		1		0		38.135132		0.000000
电控:		407		2		0		18.338799		0.000000
控:		408		1		0		38.135132		0.000000
技:		409		1		0		38.135132		0.000000
技术:		409		2		0		9.743057		0.000000
术:		410		1		0		38.135132		0.000000
，:		411		1		0		38.135132		0.000000
单:		412		1		0		38.135132		0.000000
单个:		412		2		0		16.074800		0.000000
个:		413		1		0		38.135132		0.000000
企:		414		1		0		38.135132		0.000000
企业:		414		2		0		9.434805		0.000000
业:		415		1		0		38.135132		0.000000
不:		416		1		0		38.135132		0.000000
不太:		416		2		0		13.319986		0.000000
太:		417		1		0		38.135132		0.000000
可:		418		1		0		38.135132		0.000000
可能:		418		2		0		10.709275		0.000000
能:		419		1		0		38.135132		0.000000
完:		420		1		0		38.135132		0.000000
完成:		420		2		0		11.348619		0.000000
成:		421		1		0		38.135132		0.000000
，:		422		1		0		38.135132		0.000000
因:		423		1		0		38.135132		0.000000
因此:		423		2		0		11.187555		0.000000
此:		424		1		0		38.135132		0.000000
，:		425		1		0		38.135132		0.000000
需:		426		1		0		38.135132		0.000000
需要:		426		2		0		10.322680		0.000000
要:		427		1		0		38.135132		0.000000
从:		428		1		0		38.135132		0.000000
国:		429		1		0		38.135132		0.000000
国家:		429		2		0		10.191548		0.000000
家:		430		1		0		38.135132		0.000000
层:		431		1		0		38.135132		0.000000
层面:		431		2		0		15.197469		0.000000
面:		432		1		0		38.135132		0.000000
整:		433		1		0		38.135132		0.000000
整合:		433		2		0		13.745335		0.000000
整合资源:		433		4		0		19.179810		0.000000
合:		434		1		0		38.135132		0.000000
合资:		434		2		0		14.543374		0.000000
资:		435		1		0		38.135132		0.000000
资源:		435		2		0		10.731089		0.000000
源:		436		1		0		38.135132		0.000000
。:		437		1		0		38.135132		0.000000
选:		438		1		0		38.135132		0.000000
选择:		438		2		0		10.548018		0.000000
择:		439		1		0		38.135132		0.000000
一:		440		1		0		38.135132		0.000000
一批:		440		2		0		13.732738		0.000000
批:		441		1		0		38.135132		0.000000
生:		442		1		0		38.135132		0.000000
生产:		442		2		0		10.513005		0.000000
产:		443		1		0		38.135132		0.000000
关:		444		1		0		38.135132		0.000000
关键:		444		2		0		12.650508		0.000000
键:		445		1		0		38.135132		0.000000
零:		446		1		0		38.135132		0.000000
零部件:		446		3		0		15.758807		0.000000
部:		447		1		0		38.135132		0.000000
部件:		447		2		0		15.555717		0.000000
件:		448		1		0		38.135132		0.000000
的:		449		1		0		38.135132		0.000000
、:		450		1		0		38.135132		0.000000
能:		451		1		0		38.135132		0.000000
能够:		451		2		0		11.265314		0.000000
够:		452		1		0		38.135132		0.000000
代:		453		1		0		38.135132		0.000000
代表:		453		2		0		11.648583		0.000000
表:		454		1		0		38.135132		0.000000
民:		455		1		0		38.135132		0.000000
民族:		455		2		0		12.702596		0.000000
族:		456		1		0		38.135132		0.000000
工:		457		1		0		38.135132		0.000000
工业:		457		2		0		12.024373		0.000000
工业发展:		457		4		0		17.718039		0.000000
业:		458		1		0		38.135132		0.000000
发:		459		1		0		38.135132		0.000000
发展:		459		2		0		9.766432		0.000000
展:		460		1		0		38.135132		0.000000
水:		461		1		0		38.135132		0.000000
水平:		461		2		0		11.753997		0.000000
平:		462		1		0		38.135132		0.000000
的:		463		1		0		38.135132		0.000000
企:		464		1		0		38.135132		0.000000
企业:		464		2		0		9.434805		0.000000
业:		465		1		0		38.135132		0.000000
，:		466		1		0		38.135132		0.000000
组:		467		1		0		38.135132		0.000000
组建:		467		2		0		14.781485		0.000000
建:		468		1		0		38.135132		0.000000
一:		469		1		0		38.135132		0.000000
一支:		469		2		0		13.955229		0.000000
支:		470		1		0		38.135132		0.000000
“:		471		1		0		38.135132		0.000000
国:		472		1		0		38.135132		0.000000
国家:		472		2		0		10.191548		0.000000
国家队:		472		3		0		15.207236		0.000000
家:		473		1		0		38.135132		0.000000
队:		474		1		0		38.135132		0.000000
”:		475		1		0		38.135132		0.000000
，:		476		1		0		38.135132		0.000000
以:		477		1		0		38.135132		0.000000
企:		478		1		0		38.135132		0.000000
企业:		478		2		0		9.434805		0.000000
业:		479		1		0		38.135132		0.000000
为:		480		1		0		38.135132		0.000000
为主:		480		2		0		13.123644		0.000000
为主体:		480		3		0		16.658361		0.000000
主:		481		1		0		38.135132		0.000000
主体:		481		2		0		14.122885		0.000000
体:		482		1		0		38.135132		0.000000
，:		483		1		0		38.135132		0.000000
高:		484		1		0		38.135132		0.000000
高校:		484		2		0		13.439178		0.000000
校:		485		1		0		38.135132		0.000000
支:		486		1		0		38.135132		0.000000
支持:		486		2		0		10.165175		0.000000
持:		487		1		0		38.135132		0.000000
，:		488		1		0		38.135132		0.000000
进:		489		1		0		38.135132		0.000000
进行:		489		2		0		9.631206		0.000000
行:		490		1		0		38.135132		0.000000
联:		491		1		0		38.135132		0.000000
联合:		491		2		0		12.811560		0.000000
合:		492		1		0		38.135132		0.000000
攻:		493		1		0		38.135132		0.000000
攻关:		493		2		0		16.745958		0.000000
关:		494		1		0		38.135132		0.000000
。:		495		1		0		38.135132		0.000000
在:		496		1		0		38.135132		0.000000
在下:		496		2		0		14.791195		0.000000
下:		497		1		0		38.135132		0.000000
下一:		497		2		0		14.481962		0.000000
下一个:		497		3		0		14.626226		0.000000
一:		498		1		0		38.135132		0.000000
一个:		498		2		0		8.526978		0.000000
个:		499		1		0		38.135132		0.000000
五:		500		1		0		38.135132		0.000000
五年:		500		2		0		14.200500		0.000000
年:		501		1		0		38.135132		0.000000
规:		502		1		0		38.135132		0.000000
规划:		502		2		0		12.389815		0.000000
划:		503		1		0		38.135132		0.000000
中:		504		1		0		38.135132		0.000000
，:		505		1		0		38.135132		0.000000
要:		506		1		0		38.135132		0.000000
要大力:		506		3		0		17.898394		0.000000
大:		507		1		0		38.135132		0.000000
大力:		507		2		0		13.664840		0.000000
大力支持:		507		4		0		16.656387		0.000000
力:		508		1		0		38.135132		0.000000
支:		509		1		0		38.135132		0.000000
支持:		509		2		0		10.165175		0.000000
持:		510		1		0		38.135132		0.000000
汽:		511		1		0		38.135132		0.000000
汽车:		511		2		0		11.373448		0.000000
汽车零部件:		511		5		0		17.647968		0.000000
车:		512		1		0		38.135132		0.000000
零:		513		1		0		38.135132		0.000000
零部件:		513		3		0		15.758807		0.000000
部:		514		1		0		38.135132		0.000000
部件:		514		2		0		15.555717		0.000000
件:		515		1		0		38.135132		0.000000
的:		516		1		0		38.135132		0.000000
再:		517		1		0		38.135132		0.000000
制:		518		1		0		38.135132		0.000000
制造:		518		2		0		12.213441		0.000000
造:		519		1		0		38.135132		0.000000
，:		520		1		0		38.135132		0.000000
为:		521		1		0		38.135132		0.000000
再:		522		1		0		38.135132		0.000000
制:		523		1		0		38.135132		0.000000
制造:		523		2		0		12.213441		0.000000
造:		524		1		0		38.135132		0.000000
清:		525		1		0		38.135132		0.000000
清除:		525		2		0		12.702533		0.000000
除:		526		1		0		38.135132		0.000000
除法:		526		2		0		18.915483		0.000000
法:		527		1		0		38.135132		0.000000
法规:		527		2		0		12.689132		0.000000
规:		528		1		0		38.135132		0.000000
上:		529		1		0		38.135132		0.000000
的:		530		1		0		38.135132		0.000000
障:		531		1		0		38.135132		0.000000
障碍:		531		2		0		14.152784		0.000000
碍:		532		1		0		38.135132		0.000000
。:		533		1		0		38.135132		0.000000
:		534		1		0		38.135132		0.000000

:		535		1		0		38.135132		0.000000
　:		536		1		0		38.135132		0.000000
　:		537		1		0		38.135132		0.000000
在:		538		1		0		38.135132		0.000000
在下:		538		2		0		14.791195		0.000000
下:		539		1		0		38.135132		0.000000
下一:		539		2		0		14.481962		0.000000
下一个:		539		3		0		14.626226		0.000000
一:		540		1		0		38.135132		0.000000
一个:		540		2		0		8.526978		0.000000
个:		541		1		0		38.135132		0.000000
五:		542		1		0		38.135132		0.000000
五年:		542		2		0		14.200500		0.000000
年:		543		1		0		38.135132		0.000000
，:		544		1		0		38.135132		0.000000
国:		545		1		0		38.135132		0.000000
国家:		545		2		0		10.191548		0.000000
家:		546		1		0		38.135132		0.000000
更:		547		1		0		38.135132		0.000000
更应:		547		2		0		18.223623		0.000000
更应该:		547		3		0		17.352245		0.000000
应:		548		1		0		38.135132		0.000000
应该:		548		2		0		10.874715		0.000000
该:		549		1		0		38.135132		0.000000
在:		550		1		0		38.135132		0.000000
新:		551		1		0		38.135132		0.000000
新能源:		551		3		0		17.257870		0.000000
能:		552		1		0		38.135132		0.000000
能源:		552		2		0		13.822720		0.000000
源:		553		1		0		38.135132		0.000000
汽:		554		1		0		38.135132		0.000000
汽车:		554		2		0		11.373448		0.000000
汽车产业:		554		4		0		17.898836		0.000000
车:		555		1		0		38.135132		0.000000
产:		556		1		0		38.135132		0.000000
产业:		556		2		0		12.014814		0.000000
产业化:		556		3		0		15.318489		0.000000
业:		557		1		0		38.135132		0.000000
化:		558		1		0		38.135132		0.000000
上:		559		1		0		38.135132		0.000000
上下:		559		2		0		13.744012		0.000000
下:		560		1		0		38.135132		0.000000
下大力气:		560		4		0		19.673462		0.000000
大:		561		1		0		38.135132		0.000000
大力:		561		2		0		13.664840		0.000000
力:		562		1		0		38.135132		0.000000
力气:		562		2		0		14.916333		0.000000
气:		563		1		0		38.135132		0.000000
，:		564		1		0		38.135132		0.000000
推:		565		1		0		38.135132		0.000000
推动:		565		2		0		13.371573		0.000000
动:		566		1		0		38.135132		0.000000
这:		567		1		0		38.135132		0.000000
这一:		567		2		0		11.995034		0.000000
一:		568		1		0		38.135132		0.000000
新:		569		1		0		38.135132		0.000000
新兴:		569		2		0		15.246963		0.000000
兴:		570		1		0		38.135132		0.000000
战:		571		1		0		38.135132		0.000000
战略:		571		2		0		12.506902		0.000000
战略性:		571		3		0		17.002611		0.000000
略:		572		1		0		38.135132		0.000000
性:		573		1		0		38.135132		0.000000
产:		574		1		0		38.135132		0.000000
产业:		574		2		0		12.014814		0.000000
业:		575		1		0		38.135132		0.000000
的:		576		1		0		38.135132		0.000000
发:		577		1		0		38.135132		0.000000
发展:		577		2		0		9.766432		0.000000
展:		578		1		0		38.135132		0.000000
。:		579		1		0		38.135132		0.000000
第:		580		1		0		38.135132		0.000000
第一:		580		2		0		11.628618		0.000000
一:		581		1		0		38.135132		0.000000
要:		582		1		0		38.135132		0.000000
要在:		582		2		0		14.103465		0.000000
在:		583		1		0		38.135132		0.000000
‘:		584		1		0		38.135132		0.000000
十:		585		1		0		38.135132		0.000000
十二:		585		2		0		14.074396		0.000000
二:		586		1		0		38.135132		0.000000
二五:		586		2		0		19.114525		0.000000
五:		587		1		0		38.135132		0.000000
’:		588		1		0		38.135132		0.000000
期:		589		1		0		38.135132		0.000000
期间:		589		2		0		12.422648		0.000000
间:		590		1		0		38.135132		0.000000
建:		591		1		0		38.135132		0.000000
建成:		591		2		0		14.222687		0.000000
成:		592		1		0		38.135132		0.000000
国:		593		1		0		38.135132		0.000000
国家:		593		2		0		10.191548		0.000000
国家级:		593		3		0		15.327287		0.000000
家:		594		1		0		38.135132		0.000000
级:		595		1		0		38.135132		0.000000
的:		596		1		0		38.135132		0.000000
新:		597		1		0		38.135132		0.000000
新能源:		597		3		0		17.257870		0.000000
能:		598		1		0		38.135132		0.000000
能源:		598		2		0		13.822720		0.000000
源:		599		1		0		38.135132		0.000000
汽:		600		1		0		38.135132		0.000000
汽车:		600		2		0		11.373448		0.000000
车:		601		1		0		38.135132		0.000000
试:		602		1		0		38.135132		0.000000
试验:		602		2		0		13.851574		0.000000
验:		603		1		0		38.135132		0.000000
中:		604		1		0		38.135132		0.000000
中心:		604		2		0		10.304544		0.000000
心:		605		1		0		38.135132		0.000000
。:		606		1		0		38.135132		0.000000
这:		607		1		0		38.135132		0.000000
这种:		607		2		0		10.715576		0.000000
种:		608		1		0		38.135132		0.000000
试:		609		1		0		38.135132		0.000000
试验:		609		2		0		13.851574		0.000000
验:		610		1		0		38.135132		0.000000
中:		611		1		0		38.135132		0.000000
中心:		611		2		0		10.304544		0.000000
心:		612		1		0		38.135132		0.000000
一:		613		1		0		38.135132		0.000000
一般:		613		2		0		10.986551		0.000000
般:		614		1		0		38.135132		0.000000
投:		615		1		0		38.135132		0.000000
投资:		615		2		0		10.980704		0.000000
投资规模:		615		4		0		18.211376		0.000000
资:		616		1		0		38.135132		0.000000
规:		617		1		0		38.135132		0.000000
规模:		617		2		0		12.737227		0.000000
模:		618		1		0		38.135132		0.000000
很:		619		1		0		38.135132		0.000000
很大:		619		2		0		12.453456		0.000000
大:		620		1		0		38.135132		0.000000
，:		621		1		0		38.135132		0.000000
投:		622		1		0		38.135132		0.000000
投资:		622		2		0		10.980704		0.000000
投资回报:		622		4		0		18.403759		0.000000
资:		623		1		0		38.135132		0.000000
回:		624		1		0		38.135132		0.000000
回报:		624		2		0		14.386334		0.000000
报:		625		1		0		38.135132		0.000000
周:		626		1		0		38.135132		0.000000
周期:		626		2		0		14.627848		0.000000
周期长:		626		3		0		19.506809		0.000000
期:		627		1		0		38.135132		0.000000
长:		628		1		0		38.135132		0.000000
，:		629		1		0		38.135132		0.000000
企:		630		1		0		38.135132		0.000000
企业:		630		2		0		9.434805		0.000000
业:		631		1		0		38.135132		0.000000
的:		632		1		0		38.135132		0.000000
积:		633		1		0		38.135132		0.000000
积极:		633		2		0		12.159780		0.000000
积极性:		633		3		0		15.217977		0.000000
极:		634		1		0		38.135132		0.000000
性:		635		1		0		38.135132		0.000000
不:		636		1		0		38.135132		0.000000
不高:		636		2		0		14.670797		0.000000
高:		637		1		0		38.135132		0.000000
。:		638		1		0		38.135132		0.000000
同:		639		1		0		38.135132		0.000000
同时:		639		2		0		10.394643		0.000000
时:		640		1		0		38.135132		0.000000
，:		641		1		0		38.135132		0.000000
这:		642		1		0		38.135132		0.000000
这又:		642		2		0		17.403559		0.000000
这又是:		642		3		0		17.447023		0.000000
又:		643		1		0		38.135132		0.000000
又是:		643		2		0		13.051454		0.000000
是:		644		1		0		38.135132		0.000000
新:		645		1		0		38.135132		0.000000
新能源:		645		3		0		17.257870		0.000000
能:		646		1		0		38.135132		0.000000
能源:		646		2		0		13.822720		0.000000
源:		647		1		0		38.135132		0.000000
汽:		648		1		0		38.135132		0.000000
汽车:		648		2		0		11.373448		0.000000
汽车产业:		648		4		0		17.898836		0.000000
车:		649		1		0		38.135132		0.000000
产:		650		1		0		38.135132		0.000000
产业:		650		2		0		12.014814		0.000000
产业化:		650		3		0		15.318489		0.000000
业:		651		1		0		38.135132		0.000000
化:		652		1		0		38.135132		0.000000
所:		653		1		0		38.135132		0.000000
必:		654		1		0		38.135132		0.000000
必须:		654		2		0		11.077580		0.000000
须:		655		1		0		38.135132		0.000000
的:		656		1		0		38.135132		0.000000
；:		657		1		0		38.135132		0.000000
其:		658		1		0		38.135132		0.000000
其次:		658		2		0		14.214555		0.000000
次:		659		1		0		38.135132		0.000000
是:		660		1		0		38.135132		0.000000
对:		661		1		0		38.135132		0.000000
购:		662		1		0		38.135132		0.000000
购买:		662		2		0		11.875977		0.000000
买:		663		1		0		38.135132		0.000000
新:		664		1		0		38.135132		0.000000
新能源:		664		3		0		17.257870		0.000000
能:		665		1		0		38.135132		0.000000
能源:		665		2		0		13.822720		0.000000
源:		666		1		0		38.135132		0.000000
汽:		667		1		0		38.135132		0.000000
汽车:		667		2		0		11.373448		0.000000
车:		668		1		0		38.135132		0.000000
给:		669		1		0		38.135132		0.000000
给予:		669		2		0		13.118984		0.000000
予:		670		1		0		38.135132		0.000000
大:		671		1		0		38.135132		0.000000
大力:		671		2		0		13.664840		0.000000
力:		672		1		0		38.135132		0.000000
力度:		672		2		0		13.782943		0.000000
度:		673		1		0		38.135132		0.000000
补:		674		1		0		38.135132		0.000000
补贴:		674		2		0		15.131987		0.000000
贴:		675		1		0		38.135132		0.000000
。:		676		1		0		38.135132		0.000000
以:		677		1		0		38.135132		0.000000
以前:		677		2		0		11.984699		0.000000
前:		678		1		0		38.135132		0.000000
我:		679		1		0		38.135132		0.000000
我们:		679		2		0		8.614799		0.000000
们:		680		1		0		38.135132		0.000000
可:		681		1		0		38.135132		0.000000
可能:		681		2		0		10.709275		0.000000
能:		682		1		0		38.135132		0.000000
能有:		682		2		0		14.674955		0.000000
有:		683		1		0		38.135132		0.000000
有一:		683		2		0		11.988560		0.000000
有一些:		683		3		0		13.899322		0.000000
一:		684		1		0		38.135132		0.000000
一些:		684		2		0		10.435972		0.000000
些:		685		1		0		38.135132		0.000000
顾:		686		1		0		38.135132		0.000000
顾虑:		686		2		0		16.366341		0.000000
虑:		687		1		0		38.135132		0.000000
，:		688		1		0		38.135132		0.000000
认:		689		1		0		38.135132		0.000000
认为:		689		2		0		11.014353		0.000000
为:		690		1		0		38.135132		0.000000
为把:		690		2		0		19.175169		0.000000
把:		691		1		0		38.135132		0.000000
公:		692		1		0		38.135132		0.000000
公共:		692		2		0		13.265224		0.000000
公共财政:		692		4		0		18.815964		0.000000
共:		693		1		0		38.135132		0.000000
财:		694		1		0		38.135132		0.000000
财政:		694		2		0		13.559939		0.000000
财政补贴:		694		4		0		19.581020		0.000000
政:		695		1		0		38.135132		0.000000
补:		696		1		0		38.135132		0.000000
补贴:		696		2		0		15.131987		0.000000
贴:		697		1		0		38.135132		0.000000
一:		698		1		0		38.135132		0.000000
一部:		698		2		0		13.524695		0.000000
一部分:		698		3		0		13.439379		0.000000
部:		699		1		0		38.135132		0.000000
部分:		699		2		0		11.272408		0.000000
分:		700		1		0		38.135132		0.000000
买:		701		1		0		38.135132		0.000000
买车:		701		2		0		16.575697		0.000000
车:		702		1		0		38.135132		0.000000
的:		703		1		0		38.135132		0.000000
的人:		703		2		0		10.285759		0.000000
人:		704		1		0		38.135132		0.000000
，:		705		1		0		38.135132		0.000000
有:		706		1		0		38.135132		0.000000
有失:		706		2		0		17.259624		0.000000
失:		707		1		0		38.135132		0.000000
公:		708		1		0		38.135132		0.000000
公平:		708		2		0		14.309917		0.000000
平:		709		1		0		38.135132		0.000000
，:		710		1		0		38.135132		0.000000
但:		711		1		0		38.135132		0.000000
但也:		711		2		0		14.620784		0.000000
也:		712		1		0		38.135132		0.000000
也要:		712		2		0		13.313684		0.000000
要:		713		1		0		38.135132		0.000000
认:		714		1		0		38.135132		0.000000
认识:		714		2		0		12.152121		0.000000
认识到:		714		3		0		15.210740		0.000000
识:		715		1		0		38.135132		0.000000
到:		716		1		0		38.135132		0.000000
，:		717		1		0		38.135132		0.000000
鼓:		718		1		0		38.135132		0.000000
鼓励:		718		2		0		13.254552		0.000000
励:		719		1		0		38.135132		0.000000
个:		720		1		0		38.135132		0.000000
个人:		720		2		0		10.365864		0.000000
人:		721		1		0		38.135132		0.000000
购:		722		1		0		38.135132		0.000000
购买:		722		2		0		11.875977		0.000000
买:		723		1		0		38.135132		0.000000
新:		724		1		0		38.135132		0.000000
新能源:		724		3		0		17.257870		0.000000
能:		725		1		0		38.135132		0.000000
能源:		725		2		0		13.822720		0.000000
源:		726		1		0		38.135132		0.000000
汽:		727		1		0		38.135132		0.000000
汽车:		727		2		0		11.373448		0.000000
车:		728		1		0		38.135132		0.000000
，:		729		1		0		38.135132		0.000000
目:		730		1		0		38.135132		0.000000
目的:		730		2		0		12.320322		0.000000
目的是:		730		3		0		21.312115		0.000000
的:		731		1		0		38.135132		0.000000
的是:		731		2		0		10.542900		0.000000
是:		732		1		0		38.135132		0.000000
培:		733		1		0		38.135132		0.000000
培育:		733		2		0		14.878862		0.000000
育:		734		1		0		38.135132		0.000000
一:		735		1		0		38.135132		0.000000
一个:		735		2		0		8.526978		0.000000
个:		736		1		0		38.135132		0.000000
新:		737		1		0		38.135132		0.000000
新兴:		737		2		0		15.246963		0.000000
兴:		738		1		0		38.135132		0.000000
的:		739		1		0		38.135132		0.000000
战:		740		1		0		38.135132		0.000000
战略:		740		2		0		12.506902		0.000000
战略性:		740		3		0		17.002611		0.000000
略:		741		1		0		38.135132		0.000000
性:		742		1		0		38.135132		0.000000
产:		743		1		0		38.135132		0.000000
产业:		743		2		0		12.014814		0.000000
业:		744		1		0		38.135132		0.000000
。:		745		1		0		38.135132		0.000000
政:		746		1		0		38.135132		0.000000
政府:		746		2		0		11.285891		0.000000
府:		747		1		0		38.135132		0.000000
还:		748		1		0		38.135132		0.000000
还应:		748		2		0		16.816805		0.000000
应:		749		1		0		38.135132		0.000000
应为:		749		2		0		16.783590		0.000000
为:		750		1		0		38.135132		0.000000
新:		751		1		0		38.135132		0.000000
新能源:		751		3		0		17.257870		0.000000
能:		752		1		0		38.135132		0.000000
能源:		752		2		0		13.822720		0.000000
源:		753		1		0		38.135132		0.000000
汽:		754		1		0		38.135132		0.000000
汽车:		754		2		0		11.373448		0.000000
汽车产业:		754		4		0		17.898836		0.000000
车:		755		1		0		38.135132		0.000000
产:		756		1		0		38.135132		0.000000
产业:		756		2		0		12.014814		0.000000
产业化:		756		3		0		15.318489		0.000000
业:		757		1		0		38.135132		0.000000
化:		758		1		0		38.135132		0.000000
创:		759		1		0		38.135132		0.000000
创造:		759		2		0		12.642841		0.000000
创造一个:		759		4		0		17.296844		0.000000
造:		760		1		0		38.135132		0.000000
一:		761		1		0		38.135132		0.000000
一个:		761		2		0		8.526978		0.000000
个:		762		1		0		38.135132		0.000000
良:		763		1		0		38.135132		0.000000
良好:		763		2		0		12.379209		0.000000
好:		764		1		0		38.135132		0.000000
的:		765		1		0		38.135132		0.000000
消:		766		1		0		38.135132		0.000000
消费:		766		2		0		12.536850		0.000000
费:		767		1		0		38.135132		0.000000
环:		768		1		0		38.135132		0.000000
环境:		768		2		0		10.587258		0.000000
境:		769		1		0		38.135132		0.000000
，:		770		1		0		38.135132		0.000000
建:		771		1		0		38.135132		0.000000
建好:		771		2		0		18.132536		0.000000
好:		772		1		0		38.135132		0.000000
充:		773		1		0		38.135132		0.000000
充电:		773		2		0		15.274811		0.000000
电:		774		1		0		38.135132		0.000000
电站:		774		2		0		16.898396		0.000000
站:		775		1		0		38.135132		0.000000
等:		776		1		0		38.135132		0.000000
基:		777		1		0		38.135132		0.000000
基础:		777		2		0		11.795649		0.000000
基础设施:		777		4		0		14.791886		0.000000
础:		778		1		0		38.135132		0.000000
设:		779		1		0		38.135132		0.000000
设施:		779		2		0		12.694830		0.000000
施:		780		1		0		38.135132		0.000000
；:		781		1		0		38.135132		0.000000
第:		782		1		0		38.135132		0.000000
第三:		782		2		0		13.455407		0.000000
三:		783		1		0		38.135132		0.000000
，:		784		1		0		38.135132		0.000000
在:		785		1		0		38.135132		0.000000
新:		786		1		0		38.135132		0.000000
新能源:		786		3		0		17.257870		0.000000
能:		787		1		0		38.135132		0.000000
能源:		787		2		0		13.822720		0.000000
源:		788		1		0		38.135132		0.000000
汽:		789		1		0		38.135132		0.000000
汽车:		789		2		0		11.373448		0.000000
车:		790		1		0		38.135132		0.000000
关:		791		1		0		38.135132		0.000000
关键:		791		2		0		12.650508		0.000000
键:		792		1		0		38.135132		0.000000
零:		793		1		0		38.135132		0.000000
零部件:		793		3		0		15.758807		0.000000
部:		794		1		0		38.135132		0.000000
部件:		794		2		0		15.555717		0.000000
件:		795		1		0		38.135132		0.000000
研:		796		1		0		38.135132		0.000000
研发:		796		2		0		13.537221		0.000000
发:		797		1		0		38.135132		0.000000
上:		798		1		0		38.135132		0.000000
，:		799		1		0		38.135132		0.000000
要:		800		1		0		38.135132		0.000000
建:		801		1		0		38.135132		0.000000
建立:		801		2		0		11.493251		0.000000
建立起:		801		3		0		15.561496		0.000000
立:		802		1		0		38.135132		0.000000
起:		803		1		0		38.135132		0.000000
一:		804		1		0		38.135132		0.000000
一套:		804		2		0		13.262109		0.000000
套:		805		1		0		38.135132		0.000000
系:		806		1		0		38.135132		0.000000
系统:		806		2		0		9.717778		0.000000
统:		807		1		0		38.135132		0.000000
的:		808		1		0		38.135132		0.000000
支:		809		1		0		38.135132		0.000000
支持:		809		2		0		10.165175		0.000000
持:		810		1		0		38.135132		0.000000
政:		811		1		0		38.135132		0.000000
政策:		811		2		0		11.815259		0.000000
策:		812		1		0		38.135132		0.000000
。:		813		1		0		38.135132		0.000000
一:		814		1		0		38.135132		0.000000
一般:		814		2		0		10.986551		0.000000
般:		815		1		0		38.135132		0.000000
意:		816		1		0		38.135132		0.000000
意义:		816		2		0		12.523319		0.000000
意义上:		816		3		0		22.397833		0.000000
义:		817		1		0		38.135132		0.000000
上:		818		1		0		38.135132		0.000000
的:		819		1		0		38.135132		0.000000
政:		820		1		0		38.135132		0.000000
、:		821		1		0		38.135132		0.000000
产:		822		1		0		38.135132		0.000000
、:		823		1		0		38.135132		0.000000
学:		824		1		0		38.135132		0.000000
、:		825		1		0		38.135132		0.000000
研:		826		1		0		38.135132		0.000000
，:		827		1		0		38.135132		0.000000
不:		828		1		0		38.135132		0.000000
不能:		828		2		0		10.260828		0.000000
能:		829		1		0		38.135132		0.000000
能对:		829		2		0		16.221437		0.000000
对:		830		1		0		38.135132		0.000000
新:		831		1		0		38.135132		0.000000
新能源:		831		3		0		17.257870		0.000000
能:		832		1		0		38.135132		0.000000
能源:		832		2		0		13.822720		0.000000
源:		833		1		0		38.135132		0.000000
汽:		834		1		0		38.135132		0.000000
汽车:		834		2		0		11.373448		0.000000
汽车产业:		834		4		0		17.898836		0.000000
车:		835		1		0		38.135132		0.000000
产:		836		1		0		38.135132		0.000000
产业:		836		2		0		12.014814		0.000000
产业化:		836		3		0		15.318489		0.000000
业:		837		1		0		38.135132		0.000000
化:		838		1		0		38.135132		0.000000
起:		839		1		0		38.135132		0.000000
起到:		839		2		0		14.294897		0.000000
到:		840		1		0		38.135132		0.000000
足:		841		1		0		38.135132		0.000000
足够:		841		2		0		13.705365		0.000000
够:		842		1		0		38.135132		0.000000
的:		843		1		0		38.135132		0.000000
作:		844		1		0		38.135132		0.000000
作用:		844		2		0		11.639915		0.000000
用:		845		1		0		38.135132		0.000000
，:		846		1		0		38.135132		0.000000
由:		847		1		0		38.135132		0.000000
由于:		847		2		0		10.973696		0.000000
于:		848		1		0		38.135132		0.000000
这:		849		1		0		38.135132		0.000000
这种:		849		2		0		10.715576		0.000000
种:		850		1		0		38.135132		0.000000
联:		851		1		0		38.135132		0.000000
联合:		851		2		0		12.811560		0.000000
合:		852		1		0		38.135132		0.000000
攻:		853		1		0		38.135132		0.000000
攻关:		853		2		0		16.745958		0.000000
关:		854		1		0		38.135132		0.000000
体:		855		1		0		38.135132		0.000000
没:		856		1		0		38.135132		0.000000
没有:		856		2		0		8.899766		0.000000
有:		857		1		0		38.135132		0.000000
跟:		858		1		0		38.135132		0.000000
最:		859		1		0		38.135132		0.000000
最终:		859		2		0		12.397123		0.000000
终:		860		1		0		38.135132		0.000000
利:		861		1		0		38.135132		0.000000
利益:		861		2		0		12.486930		0.000000
益:		862		1		0		38.135132		0.000000
挂:		863		1		0		38.135132		0.000000
挂钩:		863		2		0		16.464024		0.000000
钩:		864		1		0		38.135132		0.000000
，:		865		1		0		38.135132		0.000000
一:		866		1		0		38.135132		0.000000
一旦:		866		2		0		13.134812		0.000000
旦:		867		1		0		38.135132		0.000000
协:		868		1		0		38.135132		0.000000
协调:		868		2		0		13.475700		0.000000
调:		869		1		0		38.135132		0.000000
得:		870		1		0		38.135132		0.000000
不:		871		1		0		38.135132		0.000000
不好:		871		2		0		12.358302		0.000000
好:		872		1		0		38.135132		0.000000
，:		873		1		0		38.135132		0.000000
很:		874		1		0		38.135132		0.000000
很难:		874		2		0		13.170553		0.000000
难:		875		1		0		38.135132		0.000000
形:		876		1		0		38.135132		0.000000
形成:		876		2		0		12.158414		0.000000
成:		877		1		0		38.135132		0.000000
成:		878		1		0		38.135132		0.000000
成果:		878		2		0		13.217768		0.000000
果:		879		1		0		38.135132		0.000000
并:		880		1		0		38.135132		0.000000
并进:		880		2		0		17.767641		0.000000
进:		881		1		0		38.135132		0.000000
进行:		881		2		0		9.631206		0.000000
行:		882		1		0		38.135132		0.000000
产:		883		1		0		38.135132		0.000000
产业:		883		2		0		12.014814		0.000000
产业化:		883		3		0		15.318489		0.000000
业:		884		1		0		38.135132		0.000000
化:		885		1		0		38.135132		0.000000
。:		886		1		0		38.135132		0.000000
因:		887		1		0		38.135132		0.000000
因此:		887		2		0		11.187555		0.000000
此:		888		1		0		38.135132		0.000000
，:		889		1		0		38.135132		0.000000
在:		890		1		0		38.135132		0.000000
“:		891		1		0		38.135132		0.000000
十:		892		1		0		38.135132		0.000000
十二:		892		2		0		14.074396		0.000000
二:		893		1		0		38.135132		0.000000
二五:		893		2		0		19.114525		0.000000
五:		894		1		0		38.135132		0.000000
”:		895		1		0		38.135132		0.000000
规:		896		1		0		38.135132		0.000000
规划:		896		2		0		12.389815		0.000000
划:		897		1		0		38.135132		0.000000
中:		898		1		0		38.135132		0.000000
，:		899		1		0		38.135132		0.000000
建:		900		1		0		38.135132		0.000000
建立:		900		2		0		11.493251		0.000000
立:		901		1		0		38.135132		0.000000
立成:		901		2		0		20.019611		0.000000
成:		902		1		0		38.135132		0.000000
成体:		902		2		0		20.796850		0.000000
体:		903		1		0		38.135132		0.000000
体系:		903		2		0		12.510838		0.000000
系:		904		1		0		38.135132		0.000000
的:		905		1		0		38.135132		0.000000
激:		906		1		0		38.135132		0.000000
激励:		906		2		0		14.594084		0.000000
激励机制:		906		4		0		17.600594		0.000000
励:		907		1		0		38.135132		0.000000
机:		908		1		0		38.135132		0.000000
机制:		908		2		0		12.989679		0.000000
制:		909		1		0		38.135132		0.000000
。:		910		1		0		38.135132		0.000000
比:		911		1		0		38.135132		0.000000
比如:		911		2		0		12.694897		0.000000
如:		912		1		0		38.135132		0.000000
先:		913		1		0		38.135132		0.000000
先期:		913		2		0		17.891768		0.000000
期:		914		1		0		38.135132		0.000000
给:		915		1		0		38.135132		0.000000
十:		916		1		0		38.135132		0.000000
十家:		916		2		0		19.212570		0.000000
家:		917		1		0		38.135132		0.000000
企:		918		1		0		38.135132		0.000000
企业:		918		2		0		9.434805		0.000000
业:		919		1		0		38.135132		0.000000
相:		920		1		0		38.135132		0.000000
相同:		920		2		0		13.079821		0.000000
同:		921		1		0		38.135132		0.000000
数:		922		1		0		38.135132		0.000000
数额:		922		2		0		15.946587		0.000000
额:		923		1		0		38.135132		0.000000
资:		924		1		0		38.135132		0.000000
资金:		924		2		0		11.932599		0.000000
金:		925		1		0		38.135132		0.000000
的:		926		1		0		38.135132		0.000000
支:		927		1		0		38.135132		0.000000
支持:		927		2		0		10.165175		0.000000
持:		928		1		0		38.135132		0.000000
，:		929		1		0		38.135132		0.000000
过:		930		1		0		38.135132		0.000000
一:		931		1		0		38.135132		0.000000
一段:		931		2		0		12.503933		0.000000
一段时间:		931		4		0		13.999469		0.000000
段:		932		1		0		38.135132		0.000000
时:		933		1		0		38.135132		0.000000
时间:		933		2		0		8.618660		0.000000
间:		934		1		0		38.135132		0.000000
，:		935		1		0		38.135132		0.000000
谁:		936		1		0		38.135132		0.000000
获:		937		1		0		38.135132		0.000000
获得:		937		2		0		11.537156		0.000000
获得了:		937		3		0		19.343204		0.000000
得:		938		1		0		38.135132		0.000000
得了:		938		2		0		14.347449		0.000000
了:		939		1		0		38.135132		0.000000
成:		940		1		0		38.135132		0.000000
成功:		940		2		0		11.240808		0.000000
功:		941		1		0		38.135132		0.000000
，:		942		1		0		38.135132		0.000000
就:		943		1		0		38.135132		0.000000
采:		944		1		0		38.135132		0.000000
采取:		944		2		0		12.645718		0.000000
取:		945		1		0		38.135132		0.000000
减:		946		1		0		38.135132		0.000000
减税:		946		2		0		18.614244		0.000000
税:		947		1		0		38.135132		0.000000
、:		948		1		0		38.135132		0.000000
返:		949		1		0		38.135132		0.000000
返还:		949		2		0		16.690418		0.000000
还:		950		1		0		38.135132		0.000000
税:		951		1		0		38.135132		0.000000
税收:		951		2		0		14.343936		0.000000
收:		952		1		0		38.135132		0.000000
等:		953		1		0		38.135132		0.000000
措:		954		1		0		38.135132		0.000000
措施:		954		2		0		12.521972		0.000000
施:		955		1		0		38.135132		0.000000
重:		956		1		0		38.135132		0.000000
重点:		956		2		0		11.973221		0.000000
点:		957		1		0		38.135132		0.000000
鼓:		958		1		0		38.135132		0.000000
鼓励:		958		2		0		13.254552		0.000000
励:		959		1		0		38.135132		0.000000
谁:		960		1		0		38.135132		0.000000
。:		961		1		0		38.135132		0.000000
 :		962		1		0		38.135132		0.000000
